vehicle 7.73302841187 20.0608978271 -0.207533374429 9.51907 2.92208 2.28017 -3.136352
vehicle 24.5912151337 19.7157001495 -0.94640815258 3.33835 1.57492 0.717972 -3.136352
vehicle 29.9539051056 19.6026039124 -0.853317797184 3.55708 1.65087 1.12147 -3.136352
vehicle 29.1861724854 16.6336593628 -0.75001424551 3.31896 1.86331 0.673811 -3.136352
vehicle 25.5488700867 25.0927124023 -1.11740601063 4.69643 1.5006 0.898419 -3.136352
vehicle 1.62148940563 25.0091781616 -0.885811448097 2.66391 1.02252 1.49386 -3.136352
vehicle -1.41250598431 22.7173805237 -0.895292699337 3.75936 1.55649 1.59816 -3.134537
vehicle 3.39134788513 22.5855464935 -1.006529212 1.17169 1.25669 0.428252 -2.40301
vehicle 4.23614931107 30.9023761749 -0.888359248638 1.64036 0.880074 0.603403 3.132526
cyclist -17.4398975372 7.08774185181 -0.197206273675 1.53293 0.711516 1.65131 -2.284426
vehicle -26.3302230835 28.1078872681 -0.216621384025 2.34387 1.4526 1.58616 -1.333884
cyclist -40.9084472656 23.814994812 0.475470334291 1.45078 0.391008 0.979357 -1.745256
cyclist -50.248500824 32.7728004456 1.06524848938 1.01215 0.246841 0.781902 1.18163
pedestrian -22.0550441742 -7.15730857849 -0.106597803533 0.617767 0.341958 1.40019 -2.025304
vehicle -26.6647968292 -16.8962039948 0.522855639458 3.87394 1.30206 1.94545 -0.3176184
cyclist -23.5808315277 -17.5840320587 0.00226496532559 1.79733 0.579552 0.981817 -0.8810481
cyclist -20.946680069 -14.0310955048 -0.364516943693 1.69644 0.582393 0.705158 2.812121
cyclist -18.5422134399 -15.2120695114 -0.0690506547689 1.61517 0.621143 1.59872 3.079163
cyclist -15.8934030533 -15.0182666779 -0.237515509129 1.3137 0.707612 1.33421 3.079163
cyclist -13.6861162186 -15.0009784698 -0.368705898523 1.73746 0.686808 1.32551 3.079163
cyclist 0.35651743412 -19.969121933 -0.643596947193 1.59829 0.545653 1.13999 3.140836
vehicle 39.9009819031 -19.9808883667 -1.3907545805 3.73416 1.26762 0.957397 -3.111746
vehicle -15.290222168 -19.9879512787 0.245874479413 8.17605 2.9943 2.39432 1.61196
vehicle -15.1580572128 10.3545475006 -0.432733267546 4.22331 1.99595 1.44056 -0.712849
vehicle -1.66685307026 5.13744068146 -0.552878677845 4.45332 2.07085 2.00115 -0.2647534
vehicle 9.46077060699 5.2771396637 -1.04643762112 4.28137 1.91166 1.47433 0.01660094
vehicle 33.1634712219 6.47104120255 -1.33175313473 4.5532 1.81887 1.42266 -0.00567729
vehicle 31.7980041504 0.25966617465 -1.10193908215 4.2683 1.66152 1.70167 -0.02072117
vehicle 16.6788902283 19.6821403503 -0.821025550365 4.20604 1.74759 0.757705 -3.114412
dontCare 48.3338775635 23.3311042786 -1.43405687809 2.42015 2.88582 0.40048 3.103307
dontCare 14.7059268951 -15.2159109116 -1.00536966324 1.49709 0.695957 0.890348 -2.830861
pedestrian 13.9375190735 -14.8551139832 -0.822147369385 0.504949 0.31032 1.32593 -2.830861
cyclist 13.032242775 -15.726099968 -1.18848586082 1.52354 0.761093 0.851258 -2.584039
cyclist -9.72783756256 -19.7531318665 -0.473239660263 1.34158 0.582049 0.713794 2.665877
vehicle 25.1603107452 -19.553653717 -1.05866003036 4.20384 0.384461 1.3963 3.138714
vehicle 12.0962820053 49.9339370728 2.31832456589 1.64915 0.629876 1.00244 -2.418261
vehicle 29.9945964813 22.5396556854 -0.993393003941 0.593635 1.36156 0.472895 -3.136139
