vehicle -21.5691928864 -17.9077777863 0.0439061410725 22.0233 3.39509 2.87784 -0.3976918
vehicle -29.6350421906 -20.1122989655 1.2590007782 3.28074 1.08404 1.5345 -0.4027532
vehicle -42.178527832 -14.6815433502 -0.143070742488 7.29995 2.31019 2.52623 -0.3824338
vehicle 36.545589447 -27.6368026733 0.542712926865 4.65559 1.832 1.6931 -0.361067
vehicle 34.838470459 31.4252510071 -0.955621421337 4.23276 1.87196 1.46556 -1.934104
vehicle 41.6343536377 32.3760604858 -0.738620400429 4.09292 1.68156 1.67936 -1.917704
vehicle 44.6362953186 38.953289032 -0.503073394299 2.64278 1.05012 1.15839 -1.917586
vehicle 53.7871360779 26.5179958344 -0.387962371111 3.63219 1.56904 1.54797 1.481327
dontCare 57.8726119995 14.2555160522 0.189763993025 0.401238 0.263923 0.335877 -1.976253
cyclist 22.6677360535 22.5949230194 -0.969355285168 1.65882 0.529942 1.40328 2.663539
cyclist 12.4069795609 28.3284225464 -1.265447855 1.46267 0.619293 1.34119 -0.4461157
vehicle 18.6702899933 7.80710077286 -0.813002824783 4.02418 1.69874 1.48188 2.696291
vehicle -28.8682289124 -4.82593393326 -1.13282632828 3.89933 2.01742 1.52795 -0.3958192
vehicle -8.91655731201 2.37116742134 -0.527446508408 4.26005 2.05731 2.52766 -0.4046381
vehicle 3.375841856 -4.87707805634 -0.505073726177 6.80542 2.58471 2.19764 -0.2127628
vehicle 5.86613130569 -1.75754594803 -0.756890058517 3.93075 1.83787 1.5882 0.180474
vehicle 11.4131002426 -5.84929513931 -0.504682004452 3.00529 1.90392 1.57787 0.01750956
vehicle 12.2390813828 -2.16027522087 -0.649684786797 3.77426 1.58311 1.42808 -0.03919618
vehicle 18.9067840576 -4.88723754883 0.0088466219604 3.05384 1.8196 1.04636 0.07926156
vehicle 19.2749576569 -2.09299325943 -0.324802219868 4.32777 1.73901 1.91668 0.09293595
vehicle 28.1225128174 -8.88890838623 0.0393853001297 3.93648 1.72381 1.62073 -3.020128
vehicle 14.8903083801 -12.1006011963 0.0609008409083 1.76964 0.299575 0.849057 -0.3350818
vehicle 3.22902870178 5.93893575668 -0.94320589304 4.18633 1.90091 1.66097 1.831177
