vehicle -5.26083135605 -2.88335180283 -0.486498892307 5.09898 2.03014 2.06983 0.01902841
vehicle -35.3981170654 -6.27040290833 0.477868169546 4.3494 1.81498 1.82326 0.01606015
vehicle 24.9837226868 -4.8126373291 -0.959503948689 3.6759 1.75472 1.44627 0.05091114
vehicle 14.3116483688 -15.4903783798 -0.874188661575 4.48934 1.82158 1.44694 -0.3224437
vehicle 10.5409297943 -21.7919025421 -0.661394357681 4.60264 1.71979 1.85082 0.1877806
vehicle 40.2513237 -23.717874527 -0.531387448311 4.81427 2.10185 2.33168 1.158225
vehicle 51.1846199036 -12.9969778061 -1.03761601448 2.17749 1.61079 1.63234 0.4260925
pedestrian 53.2951011658 -16.0473594666 -0.949407160282 0.566695 0.520658 1.34534 0.4261392
vehicle 41.5460739136 5.79962444305 -1.11187446117 3.97725 1.96859 1.49993 -2.715453
vehicle 43.3286781311 3.31640338898 -1.09057497978 3.66018 1.79166 1.39757 -2.75739
vehicle 47.0134239197 8.75977516174 -1.22062182426 3.78929 0.497965 1.54035 -2.75739
vehicle 34.9051704407 -48.199798584 -0.461351156235 4.0822 1.90321 1.54587 1.578142
vehicle 44.3538246155 -41.3805923462 -0.422256529331 4.1681 1.66804 1.55234 1.619598
vehicle 0.413098186255 13.9331216812 -0.763068318367 4.95574 2.05937 1.99475 -3.119977
vehicle -12.238319397 12.4031229019 -0.709658324718 4.0087 1.90002 1.64213 -3.119977
vehicle -31.0622081757 15.9558935165 -0.169040769339 4.51198 1.80511 1.95286 -3.119977
vehicle 23.6193218231 17.2863044739 -1.31737446785 4.33957 1.93133 1.38155 -3.090478
vehicle 37.0138092041 12.5539617538 -1.25211846828 3.84797 1.89407 1.50058 -3.078451
vehicle 44.3247070312 17.8666706085 -1.41628420353 3.49094 1.85198 1.51633 -3.078451
vehicle -21.9982738495 -28.7345943451 0.72699534893 7.12516 2.81266 2.60938 0.04334999
dontCare -1.19831311703 -29.4600353241 0.179228007793 0.385595 0.233746 0.366211 -3.133601
vehicle -10.8568296432 -28.3721637726 0.919373929501 8.51372 2.00398 1.622 -0.02380488
vehicle 5.2920165062 -29.8346405029 -0.166362896562 2.09413 1.10615 0.775212 -0.05420272
vehicle 34.5852928162 -41.0551795959 -0.692344903946 3.3868 1.90871 1.39791 1.608535
vehicle 35.9350547791 46.2544250488 -1.48714411259 3.65482 1.54489 1.82823 -1.533942
vehicle -58.0789680481 -13.761138916 0.792560875416 3.68022 1.86097 0.492733 1.28487e-16
vehicle 48.8770179749 5.19948244095 -0.923007309437 1.55198 0.456523 0.328128 -2.832688
pedestrian 5.96760129929 -33.2146759033 0.202434822917 0.569792 0.412217 0.455638 3.057175
vehicle -19.0753040314 -5.3441567421 -0.341279834509 0.812946 0.247776 0.969699 0.04943253
