vehicle -12.022028923 6.82041501999 -0.653906524181 4.48211 2.19872 1.76216 -0.08380298
vehicle 2.88340902328 7.46506023407 -0.496065080166 3.91989 1.87413 1.91401 -0.1586756
vehicle 17.5168571472 1.27870047092 -0.398920565844 3.93878 1.73865 1.57411 -0.1774329
vehicle 31.4198532104 1.44162547588 0.138762205839 4.26516 1.75687 1.38408 -0.1883615
vehicle 38.0938262939 -2.59761738777 0.202470853925 3.32967 1.83557 1.4937 -0.2131541
vehicle 53.6264419556 0.535292863846 0.557562291622 4.08291 0.52647 1.21808 -0.1712058
vehicle 57.2989425659 -1.97476994991 0.588874220848 0.916758 0.521031 0.685171 -0.1394451
vehicle -49.256729126 20.751750946 -0.757317960262 3.90622 1.70257 0.412387 -0.1835731
vehicle -29.8282718658 30.0302963257 -0.310320436954 4.15346 1.67635 1.37917 2.989151
vehicle -40.400806427 35.4052467346 -0.281381458044 4.19067 1.81226 1.38635 3.001542
vehicle -26.079454422 34.3382873535 -0.175215125084 4.94432 1.7706 1.6531 2.994548
vehicle -5.81311607361 29.7757110596 -0.331861555576 4.48948 1.80634 1.34231 2.990366
vehicle -16.6850547791 28.7102108002 -0.0513282231987 4.86282 1.87053 1.92527 3.001133
vehicle -34.1354064941 38.1645927429 -0.254891484976 3.5553 1.72623 1.31559 3.018083
vehicle -0.684268712997 23.8085098267 -0.279442131519 3.49116 1.432 1.74955 2.92599
vehicle -10.3109226227 33.7559776306 -0.33452668786 4.54161 1.24665 1.37624 3.016433
vehicle 13.7329759598 23.9955234528 -0.0776178985834 4.45518 1.66421 1.41996 3.019937
vehicle 19.852180481 25.9347877502 -0.020259058103 4.13437 1.63067 1.42994 3.003829
vehicle 21.2697429657 17.899356842 0.0391699075699 4.23627 1.80864 1.47777 3.137678
vehicle 30.1247138977 17.7977294922 0.223442837596 3.75965 1.75684 1.37351 2.972973
vehicle 37.7579917908 16.148563385 0.369169086218 5.09817 1.67275 1.27645 2.939036
vehicle 34.9540252686 23.0916557312 0.383596301079 1.88127 1.55716 1.31826 2.937426
vehicle 43.7837600708 15.3729419708 0.552755355835 1.37369 1.53732 1.09819 2.690528
vehicle 53.1295623779 19.7873382568 0.767002880573 1.69247 0.403641 1.01561 3.090129
vehicle 24.0126514435 33.9583244324 0.762844562531 3.01735 0.704785 0.477114 2.386143
cyclist 28.4466190338 34.3829231262 0.798859059811 0.766859 0.245252 0.501192 -0.7116877
vehicle 4.85732460022 49.8011016846 0.0416054315865 4.04238 1.569 1.81854 -1.653294
pedestrian 5.62163162231 -5.46977424622 -0.775593578815 0.59872 0.566313 1.74687 2.911107
pedestrian 6.54680204391 -5.6589050293 -0.747928440571 0.571975 0.683149 1.73594 2.290042
cyclist 0.282207846642 -6.69579458237 -0.969325661659 1.76112 0.656842 1.53464 -2.275821
cyclist -1.251973629 -11.5879545212 -0.973258256912 1.81888 0.85597 1.70893 -2.981262
vehicle -5.8803896904 -15.357884407 -0.79809230566 2.71701 1.36176 2.18489 0.1291659
vehicle 0.264348715544 -14.2884111404 -0.833624303341 3.90711 1.64635 1.91951 -0.5066388
pedestrian 1.64017248154 -13.6085605621 -0.935908913612 0.650064 0.410821 1.46057 -3.078876
cyclist 3.43266367912 -15.4145727158 -1.2130240202 1.79119 0.40672 1.03196 2.024323
vehicle 11.2651853561 -19.2744617462 -0.0524878613651 8.69553 3.92532 3.04688 1.390304
pedestrian -11.7295970917 -6.62220621109 -0.843071818352 0.540612 0.431151 1.59656 -2.638205
pedestrian -15.3259067535 -9.1841545105 -0.916153907776 0.540456 0.526891 1.74841 1.825685
pedestrian -15.0855741501 -9.6331319809 -0.96712321043 0.524366 0.602937 1.69204 2.33274
cyclist -23.3088817596 -6.59507703781 -0.825511097908 1.58307 0.670776 1.6987 -3.013701
dontCare -20.3034496307 -16.5949935913 -1.50856387615 0.722567 0.182542 0.525198 2.808903
vehicle -33.5703468323 -46.0058250427 -1.29468858242 4.24582 1.09445 0.742112 1.583319
pedestrian -55.9614067078 -17.1141147614 -1.01294147968 0.280804 0.347124 1.3749 -3.11693
cyclist 26.604057312 -21.957862854 -0.560797274113 1.56275 0.352904 0.848874 2.976572
cyclist -19.4411849976 -15.659995079 -1.31891334057 1.83376 0.399926 1.16258 2.858009
pedestrian -19.370475769 -16.1406269073 -1.08493614197 0.729232 0.538257 1.61695 2.825887
cyclist 16.6955795288 -19.8892288208 -0.868464589119 1.78441 0.319049 0.817731 -0.7250072
vehicle 37.489730835 26.8388080597 0.00377453537658 1.75961 1.4722 0.651712 3.009724
dontCare 30.7733631134 35.4007301331 0.391636401415 0.894051 0.464181 1.47498 -0.1549826
dontCare 29.887752533 35.5444374084 0.843279004097 0.18518 0.383552 0.565053 -0.1549826
vehicle 6.82441520691 58.3384666443 1.85077774525 6.61839 1.95766 1.24975 -1.768882
cyclist -10.7953548431 46.5065765381 0.212559133768 0.646615 0.356847 0.30305 -0.3298664
