vehicle -5.95142745972 3.43513774872 -0.427253633738 8.58257 2.90615 2.5154 -3.098073
vehicle -16.9421977997 3.96419453621 -0.366476386786 8.4245 1.6647 2.5974 -0.1721795
vehicle -26.6677856445 4.90212488174 0.238035529852 2.50752 0.492203 2.53966 3.011803
cyclist -37.5414237976 -8.69905567169 -0.82327824831 0.944511 0.70654 0.899921 -0.3156898
vehicle -26.8670730591 -14.7225217819 -1.30189907551 3.89226 1.72584 1.4895 -1.463829
vehicle -30.7331047058 -32.7411994934 -1.28031921387 2.07533 1.66078 1.15508 -1.941685
pedestrian -39.3103370667 -34.5039710999 -1.05773317814 0.580251 0.399161 0.920096 1.217715
vehicle -16.8128738403 -28.4098796844 -1.32390451431 3.87346 0.889678 1.35692 1.278588
vehicle -15.8840379715 -33.1076469421 -1.0168749094 3.4969 1.71594 1.36508 1.261535
vehicle -13.432009697 -26.7482624054 -1.25574588776 4.32903 1.79021 1.38869 1.252506
vehicle -8.29665851593 -26.2615623474 -1.23265612125 4.19665 1.91584 1.47206 0.9891985
vehicle -7.13919258118 -30.404504776 -0.958250641823 4.49713 2.11162 1.81559 1.182117
vehicle -10.3803863525 -36.2875862122 -0.790029883385 3.4975 0.637536 0.840708 1.16344
dontCare -12.7883701324 -42.3133239746 -0.626413106918 0.703868 0.540026 0.253115 1.240573
vehicle -15.6508131027 -48.7462387085 -0.766111314297 2.09081 0.862413 0.333236 1.218234
vehicle -17.2665157318 -47.3817749023 -1.15014529228 2.67707 1.09244 1.13007 1.249132
vehicle -7.04066753387 -10.956205368 -0.898423075676 4.12154 1.81865 1.61776 -0.2809571
vehicle -6.35977220535 -8.26779937744 -1.10282552242 4.20684 1.73024 1.44887 -0.310407
vehicle -8.07926177979 -0.0817343965173 -0.525420129299 4.04573 2.11115 2.41059 -0.1487433
vehicle 5.95097446442 1.47107839584 -0.734873473644 3.54634 1.97184 1.56327 0.03755863
vehicle 14.2134408951 -2.10472822189 -0.389750540257 4.06061 2.00102 1.55151 -3.05057
vehicle 15.4218225479 -18.5424880981 -0.240457251668 4.74215 1.86018 1.92244 -0.2914968
vehicle 11.7373170853 -23.2069416046 -0.535036146641 2.94733 1.16795 1.6999 0.8811274
cyclist 14.345041275 -23.5454998016 -0.555132389069 1.51902 0.784821 1.40315 -2.722271
cyclist 36.7170639038 18.0563163757 0.381908208132 1.63588 0.448279 1.31118 -0.3029633
vehicle 32.3729667664 36.2085113525 1.07471859455 16.7266 3.01741 3.39012 -1.737882
vehicle 37.4196777344 29.6924819946 0.185941725969 4.36376 1.40286 0.949175 -1.721264
vehicle 40.3309745789 26.0943107605 0.446258842945 4.50173 1.55958 1.46372 -1.699028
pedestrian 50.5492172241 20.0210170746 0.656577706337 0.496137 0.428775 1.28106 -1.751786
vehicle 2.8678882122 27.4039592743 -0.608246803284 4.29441 1.7051 1.56926 -2.808319
vehicle -3.18995451927 40.5949134827 0.646535336971 11.1464 4.09381 3.74507 -1.905911
cyclist -1.28088510036 35.9538955688 -0.770174086094 1.44503 0.496881 0.87805 2.806199
cyclist -14.7697458267 40.4200935364 -1.07290828228 1.16549 0.387752 0.838392 2.793983
dontCare 50.6718215942 30.2739543915 1.02166497707 0.378683 0.611356 0.727814 0.5469278
pedestrian 26.9832248688 47.4280967712 0.27116343379 0.262677 0.604002 1.45849 0.6895061
pedestrian -8.60031890869 -48.1216278076 -1.00177717209 0.320889 0.479806 1.54188 -2.344706
