vehicle -58.7258033752 -11.9115209579 -1.28153920174 3.35692 1.50216 1.8731 0.007092587
vehicle -24.7557277679 -0.975158989429 -0.54443269968 3.14019 1.91185 2.60508 0.04798974
vehicle -2.93835139275 -3.06697630882 -0.958424150944 4.91315 2.15491 1.52201 0.0465319
vehicle 4.63853168488 -2.79491996765 -0.816411435604 4.41922 1.82041 1.53275 0.03086294
vehicle 11.4193181992 -2.47789716721 -0.674504339695 4.2873 1.71401 1.50688 0.04052939
vehicle 16.3456230164 0.724196791649 -0.439632713795 3.20831 1.84085 1.46562 0.03560761
vehicle 17.2852573395 -2.151658535 -0.445427149534 3.01775 1.55854 1.48378 0.05291469
vehicle 14.2724924088 -5.33374452591 -0.0966311693192 8.96743 2.60683 2.54155 0.04211298
vehicle 3.57386732101 -30.5422649384 1.38306856155 4.07662 1.71433 0.907081 -2.227977
cyclist 23.6921577454 -21.0337848663 -0.00257332529873 1.66827 0.648329 1.3834 -2.102925
vehicle 39.6212806702 -28.014585495 0.458267331123 2.20634 0.546216 0.92456 1.625508
vehicle 43.2659950256 -32.9821586609 1.08406412601 5.37228 2.17892 2.38216 1.534088
vehicle 39.0660171509 -6.33492231369 0.982202529907 4.27565 1.77259 2.00323 1.849586
vehicle 34.6889343262 -7.67582607269 0.367797553539 1.86403 1.53271 1.18012 2.057055
vehicle 29.439031601 -0.904530405998 0.01783435978 3.23153 1.828 1.65791 2.13367
vehicle 32.5322761536 5.18447065353 0.0207081176341 4.3711 1.66672 1.38516 2.226442
cyclist 34.2920799255 14.3544998169 0.0652333423495 1.7641 0.508655 1.40138 -1.329114
vehicle 11.7705316544 16.6840438843 -0.381542503834 4.23369 1.52869 0.90773 2.917847
vehicle 8.74224758148 12.552365303 -0.520622193813 4.32767 1.73506 1.08996 3.053409
vehicle -21.8658752441 15.0755052567 -1.1149930954 3.89754 1.81396 1.35063 -3.117648
vehicle 38.2957077026 31.1288261414 -0.422057896852 0.806412 1.78134 0.42706 0.5240969
cyclist 44.0121955872 38.5948753357 -0.184605225921 1.25882 0.505632 1.18802 -3.06755
cyclist 30.445192337 35.6788406372 -0.491322249174 0.774333 0.424246 0.612633 -3.115232
vehicle 29.6300086975 40.2702865601 0.11587651819 6.89859 2.08622 1.66368 -1.561567
pedestrian -36.127620697 37.1670875549 -1.96481621265 0.585388 0.382293 1.0975 0.08001106
pedestrian -26.9240455627 36.6235542297 -1.96713972092 0.770334 0.339689 0.978587 0.05843844
pedestrian -25.1637744904 37.9125442505 -1.60727596283 0.334981 0.374681 1.25009 0.07271808
pedestrian -18.0368652344 40.6536445618 -1.43059849739 0.600416 0.360942 1.49049 0.04202238
pedestrian -22.0340003967 41.5705757141 -1.75471222401 0.722722 0.194204 1.00071 1.108361
vehicle -13.5920257568 39.5811347961 -1.35614049435 4.51333 1.75681 1.92317 3.120168
pedestrian -6.81469106674 36.9266700745 -1.46200096607 0.556586 0.512359 1.04304 0.02158692
pedestrian -8.01243114471 39.9670600891 -1.49852633476 0.333977 0.192687 1.29753 -0.05722228
pedestrian 3.19830012321 41.123336792 -1.27651941776 0.541615 0.437841 1.34109 -0.008292587
pedestrian 6.15882968903 41.4247512817 -1.17939901352 0.498733 0.441415 1.11916 -0.008292756
pedestrian 6.97935724258 40.0623054504 -0.880732059479 0.367093 0.258597 0.987034 -0.008293095
pedestrian 5.20433807373 39.8237266541 -1.35439634323 0.55577 0.345916 1.05887 -0.008293774
pedestrian 4.15348243713 40.1925811768 -1.33390593529 0.342655 0.085519 0.600842 -0.1148281
