vehicle -47.3011665344 0.887694835663 -0.165168985724 2.56297 0.603791 2.31559 0.0
vehicle 30.9094619751 -12.3419570923 -0.0104584209621 3.35782 1.7092 1.41778 -2.163218e-16
pedestrian -4.33990097046 -7.12820625305 -0.656375110149 0.586872 0.493378 1.66798 -1.559552
pedestrian -19.9398880005 -20.5072040558 -0.670517981052 0.609622 0.657938 1.28236 -0.05369684
pedestrian -21.8884830475 -21.3539962769 -0.733731687069 0.455997 0.642716 1.37104 -0.4154987
pedestrian -42.9093055725 -21.6256008148 -1.11071908474 0.68945 0.691408 1.16916 0.09965544
pedestrian 27.9892406464 -17.2541122437 -0.0204859860241 0.599101 0.660214 1.44681 -2.051785
pedestrian 29.0158996582 -16.009929657 -0.0988089591265 0.953938 0.654256 1.2758 -2.262427
vehicle 27.1117248535 -18.9571743011 -0.176664814353 1.42086 1.32559 1.44152 -0.02552945
pedestrian 10.5873346329 -20.4704799652 -0.485404968262 0.550413 0.589734 1.58388 -1.619403
cyclist 8.15984249115 -22.6305904388 -0.742945730686 1.46539 0.644132 0.975715 2.650284
pedestrian -30.8493843079 -22.262462616 -1.06027007103 0.648594 0.290545 1.00842 3.062647
vehicle -16.3201217651 0.237619951367 -0.764801383018 4.0599 1.8985 1.96613 -0.001676963
vehicle 59.4101409912 4.15224409103 1.77368354797 12.6206 2.65901 3.57442 0.009088715
vehicle -0.43927744031 26.5213127136 -0.995095729828 4.36716 1.68007 1.46699 3.137804
vehicle 37.2745666504 38.7200393677 -0.0919350907207 3.73614 1.56996 1.70131 -2.919881
vehicle -51.8399085999 -23.9800930023 -1.52387666702 1.795 0.845498 0.323019 1.091775
cyclist -34.0918540955 -18.8794689178 -1.02544248104 1.85945 0.525535 1.2921 -0.0233431
vehicle -2.56118655205 -23.0211906433 -0.767057597637 2.23679 1.12781 1.27892 -1.719852
cyclist 14.212433815 -21.2975463867 -0.570698916912 1.94166 0.612454 1.1335 -2.059934
cyclist 7.87261629105 -23.7479190826 -0.501884877682 1.48573 0.693347 1.37029 -2.831399
vehicle 22.1556091309 -19.2661724091 -0.255963802338 3.9262 1.7152 1.52632 0.01688774
vehicle 30.1268558502 -17.9338321686 -0.457877010107 1.41406 0.262662 0.659369 0.01565084
vehicle 36.3906936646 -17.9019813538 -0.0435690917075 3.67927 1.14922 1.2672 -3.072701
pedestrian 11.9142494202 -7.7430768013 -0.462829053402 0.640321 0.677925 1.35727 3.117956
dontCare 19.7422981262 -23.8163452148 -0.405223757029 3.16967 1.82977 1.16264 -1.537348
dontCare 12.2222137451 -6.92999458313 -0.886486589909 0.561008 0.212237 0.286312 -1.126955
pedestrian -37.4385528564 -20.162776947 -0.831289947033 0.196617 0.48297 0.791512 -3.111167
cyclist 10.4303436279 -22.2843608856 -0.654422283173 1.20195 0.230296 1.01718 2.993685
