vehicle -59.0873603821 -5.53449392319 1.06272792816 3.84984 1.93245 1.43761 -0.03632166
vehicle -42.347820282 -6.82687854767 0.459862172604 3.79354 1.69221 1.38594 -0.003181085
vehicle -25.8698120117 -10.7948255539 0.354513496161 7.12392 2.632 2.42634 -0.04750109
vehicle 9.18101501465 -9.65376377106 -0.836513519287 3.95308 1.73883 1.67987 -0.0977032
vehicle 15.9387893677 0.237077891827 -0.725785553455 3.89133 2.12378 2.05419 0.01437894
vehicle 22.5857696533 -2.68184161186 -0.248050764203 5.9983 2.60879 2.89622 0.00581231
vehicle 21.3148174286 -11.6775417328 -0.693306803703 4.88805 1.94823 2.01489 0.007163737
vehicle 45.1122779846 -11.8041687012 -1.07230317593 4.76382 1.76867 1.23488 0.01189362
pedestrian 19.1810321808 -27.0621547699 -0.660579442978 0.476633 0.750091 1.65831 -1.545392
vehicle 26.1235313416 -28.369260788 0.274608522654 8.97893 2.25786 2.61778 -0.01038176
vehicle 36.1020812988 -28.7693748474 -0.184891477227 8.13374 2.59496 3.01173 -0.03705484
vehicle 45.4755020142 -23.6082019806 0.418410658836 21.499 3.29015 2.79739 -0.01171961
vehicle 45.9367828369 9.52096652985 -1.39015483856 3.84861 1.72921 1.42201 3.12155
vehicle 51.877040863 12.6860332489 -1.50895690918 2.16261 1.55437 1.35958 3.12155
vehicle 57.1290550232 9.47699451447 -1.2569694519 4.10542 1.65038 0.730839 3.12155
vehicle 42.6701202393 14.1129102707 -1.38004505634 3.65978 1.6261 1.45404 3.138582
vehicle 41.7786827087 18.9654483795 -1.41823792458 5.04615 1.98091 1.95483 -3.129904
vehicle 32.0256881714 12.5006933212 -1.26386857033 4.20024 1.90051 1.63164 3.120448
vehicle 15.6539478302 9.82208633423 -0.421789944172 6.24116 2.4553 3.07439 3.133162
vehicle 13.7453765869 15.6256370544 -1.33877956867 4.57378 1.8385 1.5323 3.137924
vehicle -12.3890714645 9.602227211 -0.637728452682 4.36629 1.99683 1.67144 -3.127852
vehicle -11.1958808899 13.2476329803 -0.85128390789 3.96126 1.63518 1.47621 -3.127519
vehicle -7.03577566147 16.1020298004 -0.829603135586 4.02252 1.67025 1.82344 -3.127519
vehicle -19.7778663635 19.9445171356 -0.297448217869 3.13457 1.51982 1.24328 -3.099802
vehicle -27.4571723938 9.54212284088 -0.227573931217 4.22302 1.81319 1.46099 -3.13415
cyclist -42.3775749207 -26.6758613586 0.213875025511 0.879272 0.406662 0.39197 0.01147675
vehicle 59.9021911621 2.07828593254 -0.680721700191 1.96169 1.17294 0.773245 -2.468444
