vehicle -34.5561218262 -0.0985679402947 0.730168581009 2.52185 1.85029 1.78231 0.0
vehicle 47.8422164917 0.548669934273 -0.911668419838 2.18437 1.80321 1.45296 0.0
vehicle 13.948548317 -4.35285043716 -0.83143556118 3.63577 1.57304 1.92058 0.0
vehicle 8.44055461884 -4.53385257721 -0.832588672638 3.77558 1.74103 1.90859 0.01976983
vehicle 2.5521709919 -4.47068500519 -0.9893206954 3.91982 1.69699 1.41375 0.007760062
vehicle -3.3797018528 -4.58062171936 -0.812878131866 4.54531 1.76866 1.59668 0.02532821
cyclist -1.77545416355 -3.24114990234 -0.873309254646 1.77495 0.780864 1.40614 -0.0577067
vehicle 44.8569412231 -4.1344203949 -1.10455524921 3.23019 1.52199 1.94359 -0.01932222
vehicle 26.2398490906 -4.22224235535 -0.939044773579 4.65465 1.91994 1.9401 0.01475483
vehicle 20.0731124878 -4.23854112625 -1.15684974194 4.10889 1.3078 1.32814 0.04340106
vehicle 49.5487251282 -3.46600842476 -1.29877126217 3.38102 0.52594 1.59463 -3.073276
vehicle 19.1740455627 -8.2921257019 -0.158245757222 2.17706 1.46829 0.704886 0.02585027
