pedestrian 3.65462803841 -1.81738841534 -0.844698965549 0.669355 0.797916 1.65172 -0.496244
vehicle 0.330702841282 -8.39798069 -0.659479081631 2.83766 1.19609 1.86332 -1.084357
pedestrian -21.5985412598 5.63701486588 -0.315175771713 0.591181 0.523932 1.02566 0.9240728
vehicle -4.73590230942 7.53728485107 -0.742636501789 4.49361 1.91892 1.51091 -2.128692
vehicle -7.16991281509 9.17504119873 -0.51972925663 3.49762 1.42769 1.21731 -2.154141
vehicle -10.0790338516 5.3612370491 -0.562746584415 3.50357 1.64669 1.43203 -2.27623
vehicle -11.0675992966 13.3550901413 -0.277488678694 3.74657 1.87737 1.19053 -2.197199
vehicle -33.7213973999 31.3792304993 0.490255743265 3.81795 0.503286 1.4853 -2.183748
vehicle 6.00187683105 21.5946960449 -0.842761158943 4.51834 1.64292 1.5186 -2.231961
vehicle 2.46757531166 17.1594295502 -0.678201496601 4.40808 2.04378 1.78668 -2.25485
vehicle 0.0576577968895 19.0932483673 -0.678321123123 4.06748 1.79042 1.53057 -2.231522
vehicle -0.603627979755 26.3243160248 -0.314417153597 3.62686 1.44744 1.01212 -2.201668
vehicle -6.39363288879 23.9512805939 -0.241997659206 4.29026 1.84594 1.84974 -2.258252
vehicle -13.2173852921 29.7235908508 -0.141094148159 4.56721 1.79123 1.43986 -2.159322
vehicle -19.5181865692 39.116859436 0.508885145187 1.31707 1.28745 0.92799 -2.259887
vehicle -23.5107002258 38.3270301819 0.379187434912 4.38762 0.667842 1.22508 -2.240041
vehicle -19.7888851166 55.6165390015 0.738192558289 4.05389 1.52848 1.53674 -2.217499
vehicle -5.08001184464 45.9178276062 -0.00512169208378 4.04314 1.39562 1.4216 -2.217018
vehicle 2.71463155746 40.054271698 -0.0356199368834 3.04572 1.19862 0.877774 -2.208365
vehicle 13.2492055893 30.5010032654 -0.783642351627 3.48032 1.7195 1.48137 -2.276135
vehicle 13.6703271866 36.5100708008 -0.563388228416 4.18462 1.62847 1.48306 -2.201024
vehicle 10.6679162979 32.9670829773 -0.696332871914 3.02084 1.61892 1.33698 -2.196274
vehicle 7.14878559113 36.0039253235 -0.00350044248626 2.78416 1.50658 1.20692 -2.17251
vehicle -7.45714616776 49.557636261 0.0706607475877 2.92733 1.56867 1.28853 -2.160654
vehicle -37.409866333 25.3830833435 1.29415619373 1.59797 0.546593 0.865771 -2.190554
vehicle -31.2321186066 47.7957038879 2.04499340057 2.76459 1.28 0.95069 -1.847188
vehicle -17.974445343 11.9027910233 -0.27693849802 4.35999 1.74129 1.47475 -2.348543
vehicle -28.2777023315 -2.50228500366 0.014864332974 3.86038 0.260716 0.598779 -2.173304
vehicle 4.54386806488 -3.82454276085 -0.720333278179 3.22614 2.02689 2.05574 -0.6708403
