pedestrian -12.5383663177 8.54438591003 -0.295476913452 0.57082 0.518629 1.652 8.423063e-16
vehicle 0.627431929111 17.8093852997 -0.570839107037 2.99887 1.50455 1.04494 3.141592
vehicle -4.65078210831 27.1168994904 -0.355816692114 2.27241 1.15482 1.00734 3.141592
vehicle -4.05023336411 39.8884658813 -0.503634691238 2.04893 1.05909 1.22679 3.141592
vehicle -0.119397357106 46.8501014709 -0.202014446259 3.79871 0.880823 1.12804 3.141592
vehicle -0.904300451279 52.3947181702 0.369290202856 3.26269 0.298051 0.660035 3.106958
vehicle 10.9320688248 20.3532543182 -0.960349142551 4.57244 1.88132 1.66429 3.106958
vehicle 16.38048172 17.2338638306 -0.375238835812 3.26027 1.66113 0.749704 3.106958
vehicle 27.8742980957 17.2316455841 -1.24109685421 3.22197 1.33921 1.11208 3.106958
vehicle 27.1695804596 33.1308937073 -1.17713940144 0.79903 1.13624 0.545398 3.141592
vehicle 27.2335987091 36.8777008057 -1.02560138702 3.49786 1.86409 1.67503 -2.384186e-07
vehicle 10.3634214401 51.9732551575 -0.577079117298 2.05808 1.40915 1.31462 -3.08623
vehicle 17.220331192 51.9972801208 -0.594405174255 1.78139 0.197334 0.650208 -3.08623
vehicle -40.0502967834 28.6204872131 1.07325541973 2.83271 0.742818 0.894179 -3.08623
vehicle -10.9388656616 -4.74269533157 -0.336612343788 2.97592 1.13131 1.84425 -1.992371
pedestrian -5.47796010971 -2.32168793678 -0.295269936323 0.4834 0.548984 1.06458 -1.992371
vehicle -4.56302261353 -5.87521839142 -0.494963496923 4.47732 1.79468 2.11748 -1.590784
vehicle -24.4798316956 21.614402771 0.319401979446 1.66774 0.343013 0.838294 0.09024367
vehicle -1.22076117992 9.11090755463 -0.908771634102 4.36133 1.78836 1.51741 -3.058589
vehicle -6.27840328217 12.1202611923 -0.715883731842 3.43643 1.67202 1.45831 3.055623
vehicle -6.0739531517 22.3766212463 -0.422829300165 4.65202 1.70021 1.8035 3.057231
vehicle -3.73928976059 42.3586540222 -0.166604831815 2.09377 0.518981 1.02074 3.141592
vehicle 9.71216678619 56.7478256226 -0.462584942579 2.30109 0.621772 1.05477 3.094599
vehicle 11.6079425812 42.9352035522 -0.709210515022 4.48964 1.10449 1.0595 3.113176
vehicle 10.9635667801 29.4135932922 -0.830583274364 4.10915 1.65182 1.52671 -3.067719
vehicle 10.5764350891 12.3275346756 -1.12786769867 3.52472 1.70298 1.43426 3.090026
vehicle 10.7233104706 9.23475265503 -1.05076253414 4.47632 1.8215 1.71411 3.132113
vehicle 16.4618721008 9.2616558075 -1.26485419273 4.77163 1.74481 1.50969 3.117972
vehicle 27.8685722351 8.76300239563 -1.51075780392 3.60626 1.44944 1.25349 3.089977
vehicle 27.8491630554 12.4215764999 -1.46830368042 4.28657 1.67519 1.44874 3.122473
vehicle 32.8517036438 12.1703872681 -1.37199056149 3.8129 1.80696 1.77273 3.106958
vehicle 28.8722858429 26.6795425415 -0.812649190426 2.22121 0.845511 0.476102 -3.140659
vehicle 32.1056137085 21.0438861847 -1.14880180359 0.513354 0.27025 0.29878 3.141592
vehicle 0.225948885083 12.0621166229 -0.765467822552 2.53614 1.47323 1.22659 2.917898
vehicle -2.5720717907 49.2545623779 -0.687455713749 0.374674 0.333183 0.248368 0.05255824
vehicle 11.2128105164 46.4147834778 -0.483890652657 3.00884 0.949144 1.21886 3.116694
