vehicle -3.5675675869 9.88298606873 -0.814618885517 4.48829 1.8678 1.74264 -3.139818
vehicle -0.918475806713 12.8690004349 -0.952662229538 2.54685 1.70151 1.47394 -3.139818
vehicle 1.41352069378 15.6517963409 -0.972914099693 3.39021 1.9353 1.52331 -3.139818
vehicle 13.8434114456 16.1015605927 -0.46834975481 5.03587 1.86843 2.12849 -3.139818
vehicle 3.59633708 19.0058898926 -0.206949725747 12.7 3.37717 3.13362 -3.139818
pedestrian -6.78356552124 22.3333511353 0.567521333694 0.511867 0.709426 1.741 -0.08763169
pedestrian -5.91533374786 21.6461734772 0.539241433144 0.339547 0.34896 1.68802 -0.08763169
vehicle 4.45554590225 -10.6903915405 -0.813039243221 4.38872 1.6637 1.47522 -0.04641613
vehicle 31.5170249939 -14.9511194229 -0.0839636474848 3.33711 1.96347 1.57863 -0.003529225
vehicle 38.0032234192 -14.9648990631 0.161379486322 3.69979 1.69278 1.68955 -0.003529225
vehicle 45.3338050842 -14.3367538452 0.699818313122 3.6111 1.56352 2.11301 -0.003529225
vehicle -1.82256603241 -15.3927965164 -0.858075737953 4.22003 1.76782 1.60811 0.1391159
vehicle -21.8459644318 -19.3276443481 -0.91339713335 4.07806 1.84312 1.56483 -0.03661858
pedestrian -24.5352802277 -17.9885482788 -0.75605738163 0.421107 0.684455 1.66973 -0.03661858
vehicle -28.9775905609 -20.8068294525 -0.75853908062 2.31905 1.53776 1.97975 1.408704
vehicle -36.5794372559 -25.5820293427 -0.999374032021 4.66532 1.48017 1.33821 1.509893
vehicle -38.2706718445 -40.0691261292 -1.20763289928 4.39012 1.49338 0.75171 1.445864
vehicle -37.2978019714 -33.9993476868 -0.448494374752 1.8155 0.759075 0.792352 1.445864
vehicle -32.9521827698 -27.3151454926 -0.204184949398 1.28327 0.89114 0.401907 1.531914
pedestrian 26.6461238861 -18.8407859802 0.0976581126451 0.395143 0.745076 1.46188 2.859316
pedestrian 23.4100837708 35.2587852478 -0.32607126236 0.613982 0.517205 1.61542 -2.321062
pedestrian 23.5964756012 34.579498291 -0.32728227973 0.710901 0.640962 1.64767 -2.321062
vehicle -35.8955230713 38.5391311646 -1.53485906124 4.32054 1.62088 1.38553 -1.697257
pedestrian -37.3734397888 34.9838371277 -1.4880002737 0.86237 0.786507 1.35089 -0.2836879
vehicle -43.0126647949 21.3764266968 -1.30480992794 3.57847 1.69129 1.55161 -0.2154849
pedestrian -43.9278869629 26.8168125153 -1.36277151108 0.707595 0.587007 1.59198 -0.09662837
vehicle -44.8826599121 31.26288414 -1.59919512272 4.20691 1.62473 0.906039 0.2554464
vehicle -9.0433549881 6.12637710571 -0.473443418741 4.57123 1.88614 2.56476 -2.016438
vehicle 14.2117414474 -15.3199291229 -0.584079742432 3.67635 1.75808 1.48661 0.03346734
vehicle -1.91240096092 -25.7372093201 -0.202556371689 3.88134 1.15819 0.838198 0.02447776
vehicle 0.285097241402 -31.9217948914 0.0259274169803 1.26082 0.674807 1.08692 1.515022
vehicle -5.35007476807 30.3778839111 -0.693151712418 1.35365 0.864511 0.299463 -0.001503806
pedestrian -3.11760950089 41.1299095154 -0.255768895149 0.713124 0.273024 1.31291 -0.5265386
vehicle 51.9730911255 30.1238956451 0.0664619654417 1.72539 0.20993 0.783933 -0.1139038
vehicle -27.2669792175 41.8699035645 -1.57406628132 4.20244 1.67525 1.58965 -1.714868
vehicle -25.8256778717 48.5666313171 -1.55331611633 4.80821 1.60746 1.38329 -1.755801
vehicle -34.4880409241 43.5562019348 -1.60653078556 4.79126 1.76533 1.60222 -1.749904
vehicle 49.0972290039 -13.8873901367 0.464437037706 1.26891 0.147087 0.368665 0.03625236
dontCare -42.1831665039 39.2836265564 -1.61981844902 3.8776 3.29064 0.682786 -0.120522
