pedestrian -9.44969844818 -8.28852272034 -0.342829555273 0.439454 0.590092 1.57249 0.1631834
vehicle -38.3816833496 2.11198687553 0.504024386406 4.00068 2.08691 1.48783 0.01140173
vehicle -18.454252243 -0.615896522999 -0.0880052223802 2.88939 2.04978 1.7057 0.0
cyclist -11.0489826202 -3.20165991783 -0.424204707146 2.47986 0.914928 1.69401 7.008582e-17
vehicle 15.8938579559 -3.11568880081 -0.81726205349 4.09878 1.94566 2.04754 0.03106603
vehicle 54.2131881714 0.318145036697 -1.55379712582 0.656458 1.6125 0.712725 0.0
vehicle 49.164932251 15.7665071487 -1.15468299389 3.13299 1.88234 0.724442 3.141592
vehicle 53.3489608765 19.4011726379 -1.4656662941 2.4874 1.41199 1.09603 3.141592
vehicle 54.2345542908 23.4493713379 -1.35613119602 5.9833 1.99686 2.1674 3.141592
vehicle 30.7981758118 22.5105037689 -1.50353097916 3.96668 1.58762 1.06049 3.141592
vehicle 18.8618087769 21.1946487427 -1.26622450352 4.70955 1.50137 1.2066 -3.080019
vehicle 8.19129180908 22.1553115845 -0.896886646748 4.21623 1.81393 2.17836 -3.112299
vehicle 27.689125061 16.1375579834 -0.816267311573 5.12449 2.00197 1.55133 -3.120907
vehicle 4.05782556534 15.8110275269 -0.823254287243 4.25514 1.83742 1.11295 -3.121565
vehicle -1.08953440189 18.5428886414 -0.456134676933 9.14301 2.32363 2.15604 3.141592
vehicle -7.5077123642 21.7808208466 -1.0746897459 1.20175 0.550973 1.07329 3.141592
vehicle -34.2718849182 18.5604705811 0.391505986452 3.5763 1.68798 1.26878 -3.123289
vehicle -51.924533844 21.403503418 0.503273308277 4.14884 1.65696 1.16842 -3.114043
pedestrian -5.26412010193 25.9498767853 -0.327090233564 0.518618 0.421938 0.498002 0.462458
