vehicle -45.7111625671 -11.7992038727 -1.23515915871 3.53506 1.97238 1.43789 0.0159246
vehicle -14.9349298477 -3.36960363388 -1.00656843185 4.58421 2.12521 1.49409 0.0145722
vehicle -13.9207115173 -0.533962726593 -0.443174034357 3.70095 2.03131 2.66199 0.01139922
vehicle -7.36226558685 -3.14362049103 -0.966748356819 4.70536 2.0054 1.48464 0.007131835
vehicle -0.478192955256 -2.83886384964 -0.836988985538 4.53353 2.03002 1.51862 0.008114432
vehicle 5.09546899796 -2.47513246536 -0.794406831264 3.55134 1.91573 1.52871 0.02056507
vehicle 2.37990260124 -5.03142261505 -0.464391708374 9.6572 1.9976 2.34648 0.006231884
vehicle 5.96880626678 0.455914437771 -0.742596507072 3.18838 1.66656 1.53551 -0.01315068
vehicle 37.8062210083 -25.4041099548 0.428705364466 4.06028 1.4365 1.38861 -1.627786
vehicle 28.0343399048 -8.64079380035 0.118549413979 4.25751 1.73752 1.82853 1.917115
vehicle 9.93973064423 7.8898806572 -0.645547568798 4.5968 1.7446 1.5591 2.449233
vehicle 7.17366790771 14.4271659851 -0.835002660751 4.74784 1.56351 1.50254 2.838031
vehicle -9.57079982758 13.372590065 -0.660329520702 3.82939 1.87473 1.33837 -3.109643
vehicle -6.2926235199 17.4107627869 -0.676449656487 5.96354 2.17255 2.39551 3.057177
vehicle -24.5660648346 12.0176715851 -0.818107247353 4.06842 1.90448 1.0442 -3.122016
vehicle 53.3485603333 -12.5749378204 1.13473594189 2.86133 1.22002 1.76153 1.147669
dontCare 28.661233902 22.6585960388 0.207728073001 0.630253 0.325453 0.261371 1.720939
cyclist 30.5862483978 27.5927753448 -0.326066851616 1.62636 0.508866 1.34959 -1.498219
vehicle 27.155380249 31.8120727539 -0.662795305252 3.64887 1.92275 1.01659 0.6335016
pedestrian 42.2943954468 42.5884437561 -0.0112227220088 0.532521 0.835857 1.56248 0.8477443
dontCare 32.0689048767 39.3002281189 0.193662211299 0.391478 0.502177 0.321667 -0.180962
pedestrian -38.478313446 36.8978919983 -1.88908946514 0.42746 0.622255 1.35659 0.0
pedestrian -29.438627243 36.1660232544 -1.60209476948 0.225567 0.585248 0.70191 0.002814312
pedestrian -27.4790344238 37.1997528076 -1.74038243294 0.316869 0.500888 1.00079 0.002814312
vehicle 17.2501926422 41.0690841675 -0.826082825661 9.06172 2.22426 1.40696 -1.524596
vehicle -26.6389083862 38.5576171875 -1.44310534 3.03452 0.172273 0.401421 6.626555e-16
dontCare 38.2869796753 -14.9591274261 0.553340256214 0.994823 0.261439 0.997518 -0.001887015
vehicle 19.3641700745 6.13373947144 0.0894424319267 6.78753 2.72127 2.43692 2.298478
