vehicle -14.6903324127 -0.35029900074 -0.756262719631 4.17097 1.88512 1.9366 0.03483867
vehicle -45.1075935364 1.78723502159 -0.351319253445 2.6688 1.481 2.46688 -0.007451598
vehicle 55.7762336731 4.45642375946 1.6979547739 12.5158 2.72176 3.39507 0.000971969
vehicle -13.4659805298 45.5474433899 -1.26364612579 3.45577 1.68929 1.48013 0.3645501
vehicle -7.63361358643 37.3911895752 -0.863321781158 3.64941 0.680868 1.45964 -2.909769
cyclist 5.05055618286 40.6705970764 -1.14592707157 1.49767 0.486777 1.06549 0.1035858
vehicle -8.32290458679 -19.1051235199 -0.761652886868 4.35416 1.81209 1.63954 0.07708044
pedestrian -5.98664522171 -23.2090320587 -0.445288091898 0.972807 0.487108 1.52232 -3.038985
pedestrian -1.94421625137 -19.2793960571 -0.606560051441 0.635976 0.332555 1.62626 2.478486
cyclist 0.800910890102 -24.3700027466 -0.659270763397 1.49644 0.633111 1.05884 3.094207
pedestrian -12.0185155869 -16.7256832123 -0.759170889854 0.680663 0.708932 1.62786 -1.509443
pedestrian -12.2931032181 -18.2017192841 -0.653127253056 0.632531 0.60791 1.6985 -1.509443
vehicle 17.4182529449 -12.3834819794 -0.405900716782 3.71484 1.14696 0.93731 -0.05035359
vehicle -16.2349739075 -19.0966625214 -0.99126881361 3.95763 0.359824 1.10334 0.02068736
vehicle -22.4585990906 -20.2280673981 -1.0921959877 4.20847 1.53608 1.08238 -3.089645
vehicle 18.4820461273 44.5270195007 -0.524730145931 0.916766 1.04767 0.563181 -0.03260287
vehicle 16.6117725372 -18.4405040741 -0.522630155087 1.3348 1.15286 0.466009 -3.140372
vehicle 10.9332799911 -17.7415447235 -0.542203485966 1.3197 0.202727 0.435062 -7.957719e-16
vehicle 3.6592912674 -18.6208782196 -0.884975016117 3.2153 0.822571 1.09054 0.05324959
pedestrian -33.7507820129 -8.7592086792 -0.762290596962 0.401728 0.627483 1.31595 0.1222802
pedestrian -49.4751243591 -8.27656078339 -0.871320545673 0.360197 0.523204 1.21471 -2.979704
pedestrian -37.188495636 -21.8052387238 -0.975911080837 0.530215 0.461085 1.04101 2.409172
