vehicle -3.52748346329 -4.82114839554 -0.649188101292 4.01139 1.87559 1.73691 0.04611586
vehicle 2.01817345619 -4.75172138214 -0.785740733147 3.84665 1.83729 1.78662 0.04611586
vehicle 7.57875347137 -4.64018583298 -1.05828869343 4.11493 1.87776 1.57201 0.04611586
vehicle 19.867023468 -4.25057554245 -1.24292647839 4.16887 1.67012 1.46706 0.04157935
vehicle 26.2069377899 -4.01483821869 -1.35171818733 3.92854 1.54267 1.52976 0.04157935
vehicle -9.91732215881 -4.91684579849 -0.518605113029 4.54858 2.02985 1.60521 0.04157935
vehicle -16.559961319 -5.14005231857 -0.207966297865 4.12289 1.92271 1.53541 0.004571417
vehicle -22.6723651886 -5.20712852478 0.0944892987609 3.68695 1.60583 1.62668 0.09534121
vehicle -28.8442993164 -5.55780124664 0.302391678095 3.66129 1.01365 1.48641 0.07891463
vehicle -34.1339073181 -5.30228853226 0.88358694315 5.01771 2.83284 1.98077 0.5476919
dontCare -34.5023078918 -7.61412334442 1.51500141621 0.415607 0.526857 0.294887 0.5476919
vehicle -33.7207527161 -9.05949687958 1.16240644455 1.80843 1.45512 0.504113 0.6250077
vehicle -37.3845787048 -12.631357193 0.83015692234 3.3232 0.380187 1.03697 0.8892072
vehicle -40.4353523254 -17.0016403198 1.29112112522 3.85298 1.28554 1.47386 1.130771
vehicle -43.0072364807 -22.6828403473 1.41359221935 4.25695 1.59151 1.57754 1.367415
vehicle 32.0155334473 -3.64482092857 -1.45247113705 3.7687 0.892669 1.37224 0.07484365
vehicle -1.4530352354 13.5507793427 -0.919599592686 4.24765 1.81999 1.47105 0.02323556
vehicle -14.2023553848 13.2952003479 -0.512456417084 4.44778 1.94785 1.43676 -3.095041
vehicle -18.008769989 13.1930923462 -0.204705625772 1.08432 1.74757 1.63487 -3.05426
vehicle 18.7678699493 14.0693397522 -1.41634821892 4.20173 1.28865 1.21773 -3.092705
vehicle 24.8717308044 14.4866704941 -1.35352241993 3.55146 1.6726 1.64595 0.04888773
vehicle 30.0838756561 14.564535141 -1.4512039423 4.62688 1.80602 1.52417 -3.105178
vehicle 36.4491691589 14.6334657669 -1.27522289753 3.60559 1.89684 1.86944 -3.105178
vehicle 59.8100814819 -3.71073746681 -1.44559144974 0.931885 1.18814 1.43729 0.03937268
dontCare -52.108997345 -23.823797226 2.25277352333 3.13523 0.301292 1.07734 1.707136
vehicle -25.5025177002 3.84879279137 0.482017666101 3.98224 1.85665 1.742 0.03614104
vehicle 12.6566486359 -4.43571281433 -1.14297318459 4.50823 1.70967 1.49811 0.02452143
vehicle 4.71100664139 13.8001403809 -1.11091673374 4.55057 1.71508 1.44411 3.139938
vehicle -7.32287693024 13.5378503799 -0.716148138046 4.64146 1.64972 1.67545 -3.077708
