vehicle -58.3370704651 -6.53498840332 -1.44193863869 3.06084 1.769 1.42138 -0.00199293
vehicle -23.6945953369 -5.36929988861 -1.15618479252 4.05293 1.94762 1.47484 0.005697382
vehicle -10.1843357086 -5.13313961029 -1.03896903992 5.14396 1.80138 1.51119 -4.153583e-17
vehicle -0.391152113676 -5.16039991379 -0.809682369232 4.74475 2.19839 1.86339 -0.02970302
vehicle 4.07765769958 -3.94491195679 -0.666442573071 2.37767 0.918907 1.89346 -0.4926782
vehicle 3.86078858376 -10.9014625549 -0.794401586056 4.3041 1.82697 1.43328 -1.562857
vehicle 16.9146232605 -5.07607126236 -0.299368470907 4.60402 1.96053 1.79447 -0.04451897
vehicle 47.724822998 0.547948122025 1.27463841438 3.21607 2.55844 2.49349 0.0
vehicle 33.563117981 10.0044641495 0.0794493407011 3.99332 1.7945 1.7361 -3.092033
vehicle 15.4994115829 9.11598777771 -0.659738898277 4.78 1.66409 1.51979 -3.112648
vehicle 10.0016536713 8.56575489044 -0.82221776247 4.20616 1.89597 1.49265 -2.999632
vehicle 13.7708320618 12.9148225784 -0.458928376436 2.84094 1.4631 1.09709 0.0
vehicle 12.2615652084 14.6350355148 -0.566629707813 1.53697 1.1317 1.56336 0.8102127
vehicle 20.7282962799 14.2019910812 -0.0864217951894 3.34064 1.41052 1.38635 1.624512
vehicle 26.5417041779 21.8938007355 -0.0864514559507 2.06485 1.37363 0.870788 0.1287986
vehicle 10.240983963 25.4186477661 -0.825124502182 2.38528 1.01713 1.66225 0.2766542
pedestrian 5.77082586288 22.1870574951 -0.881182193756 0.565433 0.592338 1.55709 3.141592
vehicle -9.71174049377 8.23351955414 -1.21316409111 4.39599 1.97744 1.53292 -3.102083
vehicle -15.7355537415 8.35014247894 -1.01550149918 4.87165 1.79854 2.02754 -3.037818
vehicle -22.4894371033 7.66015052795 -1.26956307888 4.8039 1.9601 1.53554 3.107741
vehicle -31.5226860046 7.4280872345 -1.3174059391 4.06533 1.86978 1.40729 3.043438
vehicle -37.800113678 7.65900230408 -1.36052322388 3.88743 1.40373 1.65462 -3.102613
vehicle -49.7528839111 7.5814614296 -1.51179456711 3.50174 1.61307 1.40241 -3.103291
vehicle -40.9220695496 -17.3238239288 -1.1370177269 2.03033 0.242396 0.823573 1.558686
vehicle -22.2628669739 -16.8129291534 -0.796625673771 4.22387 1.86634 1.54418 1.578128
vehicle -12.6679878235 -22.3982467651 -0.959551692009 2.33398 1.11612 1.35312 -0.05003698
pedestrian 2.01971459389 -22.053401947 -0.507628858089 1.82908 0.613659 1.64898 7.130682e-16
vehicle -40.1756057739 -35.4794311523 -0.611292362213 1.21094 1.39909 0.660991 3.061442
cyclist -13.1262645721 16.1102104187 -1.3902797699 2.06556 0.545773 0.835679 -3.12724
cyclist -11.8232536316 25.2610416412 -1.30757808685 1.35646 0.749485 1.31038 2.664396
dontCare -24.9457206726 25.1665458679 -1.65375912189 3.3431 1.14883 1.12727 -3.004807
vehicle 3.94820141792 30.4437675476 -0.507652759552 1.83903 1.70107 1.36741 1.574846
pedestrian 5.53743076324 30.952255249 -0.442159324884 0.567456 0.585668 1.55731 3.141592
pedestrian 3.08877825737 35.7354888916 -0.519484519958 0.588614 0.403572 1.36505 0.6107434
vehicle 15.000254631 17.6019210815 0.219180956483 3.86128 1.78399 0.980333 1.713693
vehicle 11.9482040405 18.6377849579 -0.694875001907 2.94314 0.697738 1.51063 1.622545
vehicle 20.4710712433 29.7085666656 0.101216010749 1.0934 0.371539 0.4991 1.541868
pedestrian 27.8537063599 14.2712116241 0.302469789982 0.582157 0.264825 0.39317 -1.404565
vehicle 0.619669854641 -45.2403678894 0.0550522767007 2.78284 1.26955 1.19593 3.139216
dontCare 13.5844221115 19.7673587799 -0.361124306917 1.23105 0.54819 0.455801 -1.528158
cyclist -22.4363956451 25.2764720917 -1.6894851923 1.41854 0.562908 0.806947 3.133603
pedestrian -12.9310932159 11.2810688019 -0.513472676277 0.256682 0.409196 0.339262 -3.068218
pedestrian 3.92352247238 36.9305725098 0.0677834451199 0.0805981 0.511091 0.474767 1.55047
dontCare 33.7978057861 30.3571472168 0.598394393921 2.55106 1.43058 1.08713 -1.29453
dontCare 47.2808151245 -32.5435066223 2.7179415226 5.32702 1.87435 0.852959 -3.102538
