vehicle -12.7067337036 -16.981470108 -0.252235978842 3.40195 1.75167 0.883355 1.339737
vehicle -9.16916751862 -16.9246025085 -0.301192641258 3.62479 1.75458 0.735257 1.194579
vehicle -5.26172494888 -14.9988670349 -0.170630857348 1.20445 1.55551 1.1273 -1.815991
vehicle -2.06717634201 -16.2071552277 -0.365218490362 3.69495 1.74499 0.8748 -1.940437
vehicle 4.94790267944 -16.0711936951 -0.706793069839 4.24053 1.9419 0.986143 1.51633
vehicle 24.7081756592 -16.5815010071 -0.807727873325 3.76477 1.67721 1.15971 1.666228
dontCare 31.5607204437 -18.2357578278 -0.457939445972 6.08783 1.41581 2.06178 1.618726
vehicle 23.0378932953 -25.5585136414 -1.14321792126 5.05928 1.71571 1.72327 0.00378075
vehicle -15.9042387009 -16.0589294434 -0.0907853320241 3.98423 1.67153 1.1088 1.340248
vehicle -19.3189258575 -16.5513267517 0.2203707546 3.7834 1.7952 0.929859 1.124246
vehicle -22.504524231 -16.4218139648 0.405302643776 2.22622 1.60973 0.619943 1.277578
vehicle -25.4546222687 -15.8333444595 0.220159307122 2.39 1.04557 0.212875 1.259343
vehicle -31.4867668152 -15.5216970444 0.843202054501 1.97398 1.39845 0.672506 0.996528
vehicle -9.99248600006 -1.04610311985 -0.438657015562 3.5671 1.96868 1.71981 0.04933324
vehicle -38.767375946 -14.4652824402 1.35792601109 1.49039 1.10935 1.0536 1.51386
pedestrian -47.644329071 -10.5315790176 1.26709127426 0.62958 0.480265 1.20828 -0.1098616
vehicle 46.3217697144 0.0563490241766 -1.48117315769 2.42141 1.77473 1.93154 0.01296898
cyclist 38.1113853455 -4.22488164902 -1.51448619366 1.23913 0.694431 1.39191 -2.734445
vehicle 6.72587871552 16.3452625275 -1.25326311588 2.8515 1.36129 1.15995 -3.135266
cyclist 9.70389652252 16.1309738159 -1.4240000248 1.33563 0.402276 0.945333 2.57249
dontCare 11.1116609573 15.9248027802 -1.38014280796 1.41003 0.395172 0.961623 -1.995934
vehicle 0.0628807246685 -25.300863266 -0.784223437309 3.61915 1.70393 1.5849 0.00516325
vehicle -5.66647052765 -25.1117076874 -0.583950102329 1.93647 1.65749 1.51402 -0.05859932
vehicle -11.7103404999 -25.4906597137 -0.396202355623 2.34905 1.65255 1.44547 -3.126706
vehicle 34.105632782 20.4058837891 0.475051313639 4.24668 1.60316 0.831087 0.01432743
dontCare 46.348400116 11.0189199448 -1.93355858326 0.421597 0.742897 0.617377 0.2409225
