vehicle -34.2049026489 -15.8624267578 0.770431280136 3.56805 0.817442 1.47769 -0.004552214
cyclist 37.5936050415 -20.3135414124 -0.943594872952 1.32896 0.764698 1.08096 0.063398
vehicle -37.125705719 -4.05142021179 0.64183729887 3.19259 1.72388 1.71496 0.0472647
cyclist -36.7852592468 8.708319664 0.623533368111 1.19729 0.488341 1.18781 -1.516363
vehicle -24.7367534637 -0.323743581772 0.0534662939608 3.41446 1.91223 1.44794 -0.007604156
vehicle 13.4686880112 3.65752983093 -1.13881409168 4.10297 1.85903 1.50541 -0.0008558794
vehicle 19.3912010193 0.250927269459 -0.909422397614 3.24006 1.97443 1.97371 -0.003814304
vehicle 29.3709049225 3.15957045555 -1.18639016151 3.50386 1.97653 1.38165 -0.01863291
dontCare 26.7014598846 2.86305761337 -1.06915724277 0.477065 1.39589 0.257511 -0.02622334
vehicle 46.6053466797 -2.5579123497 -1.4223023653 3.70744 1.94924 1.46079 0.01980467
vehicle 42.6546783447 23.3446598053 -1.70141255856 4.1792 1.71175 1.30388 3.138891
vehicle 19.1709041595 19.7901363373 -1.2056479454 4.27119 1.82144 1.13682 -3.119309
vehicle 9.57958126068 23.102689743 -1.25236487389 4.05719 1.80497 1.62326 -3.119309
vehicle 1.01203250885 19.7348098755 -0.692944526672 3.56146 1.78455 1.72741 -3.128761
vehicle -5.27089071274 23.3083305359 -0.91653740406 4.77945 1.76844 1.51972 -3.117945
vehicle -16.1285247803 19.0293178558 -0.570999920368 4.63596 1.79609 1.4515 -3.128988
vehicle -37.8481178284 15.0458421707 0.50776976347 4.34873 1.81838 1.56166 -3.130789
vehicle -37.3744087219 18.8284950256 0.171801865101 3.95156 1.84015 1.40842 -3.130789
vehicle -33.3446922302 22.1015071869 -0.0859029516578 4.13793 1.7843 1.34248 -3.130789
vehicle -51.3281974792 15.223033905 0.687966346741 1.41321 1.56705 0.752179 -3.134614
vehicle -54.9631729126 18.3782043457 0.717362761497 1.08202 1.56201 0.824123 -3.134614
