vehicle 53.3272438049 -10.7212162018 -1.27463161945 2.07501 1.65315 1.3137 -0.4604271
vehicle -42.8687400818 6.11343479156 0.846086144447 4.33956 1.75301 1.71487 -0.003539454
vehicle -33.2894668579 0.52480328083 0.315475255251 2.2334 1.87763 1.36164 -8.264628e-06
vehicle -10.6141109467 3.01458358765 -0.276116430759 5.42419 2.1042 2.12892 0.02119738
vehicle 6.8021645546 4.13404893875 -1.02446174622 4.58183 1.74698 1.51179 -0.02126743
vehicle 41.3357963562 3.41357016563 -1.34075272083 4.58035 2.04104 1.48235 -0.05203937
vehicle -21.9754619598 -20.3494148254 -0.0597712211311 3.35928 0.671954 1.19578 -0.05727579
vehicle -10.6181545258 -20.52592659 -0.346307575703 4.27722 1.52037 1.56909 -3.07608
pedestrian 4.99141693115 -19.5597000122 -0.789690256119 0.382421 0.638853 1.37783 -0.03373142
vehicle 2.7822291851 24.2095031738 -0.944547593594 4.76595 0.979678 1.07919 3.133344
vehicle -4.12992095947 24.9683361053 -0.53131633997 4.30622 1.97149 1.11988 3.12855
vehicle -15.7793340683 24.4861240387 -0.406071215868 2.26907 0.675377 0.765554 3.125844
vehicle -19.9047412872 27.3528137207 -0.37858697772 2.4602 1.41207 1.04025 3.125844
vehicle -21.2582187653 18.9983940125 0.278793126345 3.61862 1.4827 1.15986 3.125844
vehicle -26.1911582947 19.140619278 0.212898597121 2.30438 1.53548 0.680771 3.125844
vehicle -42.2394714355 16.4866886139 1.17485058308 0.444722 1.1022 0.502793 3.125844
cyclist 34.5634689331 33.7346038818 -1.80442416668 0.739956 0.384386 1.47199 3.141379
vehicle 11.998878479 22.241437912 -0.989941895008 4.1314 1.58051 0.873497 -3.138446
vehicle -2.48633599281 22.0682182312 -0.634240686893 4.32839 1.74228 0.89035 -3.138509
vehicle -6.09483289719 27.5472145081 -0.703957736492 2.39191 1.32615 1.05016 -3.125092
vehicle -11.6884832382 27.9104290009 -0.493159145117 2.82637 2.04058 1.33583 -3.129845
vehicle -12.4204378128 21.983215332 -0.304827511311 4.4043 1.49557 0.952348 -3.125872
vehicle -21.1393756866 24.8269195557 -0.103848442435 2.17108 1.27669 1.27545 3.108951
vehicle -19.8019180298 22.3759403229 -0.166811794043 2.54552 1.93444 0.991202 -3.087641
vehicle -33.9276542664 18.9444770813 0.583594083786 3.06473 1.67645 0.617223 -3.079029
vehicle -43.1642379761 19.2335262299 1.4979943037 8.56881 2.65266 1.94642 -3.120718
vehicle 20.6723403931 -1.68294918537 -0.98919570446 4.45962 1.64841 1.76568 -0.0849911
vehicle 58.6127433777 6.92571258545 -0.733708441257 9.27371 2.4264 3.26189 0.03486072
vehicle -59.1456336975 5.06585502625 1.29105567932 2.07168 1.58025 1.14554 -0.5233018
cyclist -3.30304789543 -23.8589954376 -0.641140162945 1.38663 0.586502 0.775788 -1.618605
pedestrian -2.59142208099 -24.4668617249 -0.606180667877 0.519822 0.336518 0.928726 -1.618605
vehicle 18.9603157043 51.8806190491 1.64451098442 5.70877 1.90308 2.74797 3.098973
dontCare 44.9006690979 -19.9856834412 -1.44330430031 0.219292 0.21465 0.707366 -3.117758
dontCare 26.2345199585 -18.6383113861 -1.44347262383 0.372714 0.21337 0.500137 -3.08607
dontCare -33.1823654175 -20.674074173 0.195530831814 0.163463 0.298233 0.387482 -3.136544
cyclist -36.5035667419 -15.6980772018 0.599296331406 1.41368 0.497919 1.04769 3.1336
