vehicle -11.4093494415 -14.9589748383 -0.188870072365 4.33234 1.84124 1.74556 0.09445214
vehicle -16.7630405426 -14.9465827942 -0.0391887016594 4.66565 1.80386 1.64632 0.03209626
vehicle -27.9803600311 -14.9568786621 0.256664037704 4.50503 1.45036 1.40227 -0.06767999
vehicle -33.1777076721 -14.6820011139 0.897904276848 3.96668 1.54118 2.08047 0.0602951
vehicle -39.4190940857 -15.4833145142 0.920137584209 2.36615 1.56654 1.58881 0.05685186
vehicle -46.5543060303 -15.2255840302 1.16786694527 3.73069 1.27955 1.56264 0.05820775
vehicle 8.00842571259 -12.6192779541 -0.701836884022 4.50963 1.71876 1.83226 -0.2488845
vehicle 4.63535499573 -14.4090776443 -0.500655293465 4.77084 1.91544 1.9739 -0.05256254
vehicle 14.1064081192 -13.9875583649 -0.805377542973 3.85055 1.64273 1.75059 -0.3514536
cyclist 12.927113533 -15.4566783905 -1.05445694923 0.764746 0.446212 1.067 2.637803
vehicle 20.6077785492 -12.8239555359 -1.05157494545 4.15022 1.72507 1.54199 -0.08164056
vehicle 31.6950473785 -14.0205717087 -1.28374755383 4.36829 1.49267 1.54244 0.001468194
vehicle 42.0345954895 -13.696398735 -1.58778715134 1.9463 1.61819 1.10741 0.03959894
vehicle 48.4378929138 -13.9004468918 -1.54486310482 2.2909 0.981881 1.40867 0.1015613
vehicle 53.6097335815 -13.6654109955 -1.7626761198 3.80397 1.68292 1.45033 0.07492733
vehicle 29.4096050262 -19.6021976471 -0.349980890751 3.47151 1.91679 1.29426 -0.165373
vehicle 36.2116355896 -19.8727893829 -0.469557732344 5.88854 2.37668 2.26233 -0.0192141
vehicle 45.0653076172 -19.6817855835 -0.385248094797 5.68647 1.92658 1.91993 -0.04612878
vehicle 54.6908454895 -0.868394672871 -1.61069154739 2.32234 1.60141 1.77187 -0.03837664
vehicle -2.07062506676 30.6400299072 -1.38653337955 4.38136 1.29813 1.51166 -3.13976
vehicle -7.53408384323 31.0353279114 -1.30825459957 3.66513 1.79066 1.33333 -3.081221
pedestrian 2.18860888481 34.9448394775 -1.31222581863 0.396528 0.987366 1.54375 1.76578
pedestrian -5.69026374817 36.4992370605 -1.0836275816 0.543802 0.35172 1.3855 0.2651595
vehicle 41.6394195557 31.088558197 -2.47726035118 4.14641 0.689067 1.02681 -3.125069
vehicle 47.0634422302 31.5280666351 -2.65325975418 2.80188 1.55742 0.985212 -3.076021
vehicle -25.9263439178 30.3532886505 -0.599324226379 3.93714 1.46936 1.45565 -3.098993
cyclist -33.735042572 29.0079708099 -0.163497582078 0.961493 0.399021 1.14932 0.1740281
vehicle -50.2408561707 29.6248340607 0.426872342825 4.32108 1.35038 0.784464 -3.087104
cyclist -24.1013679504 -17.6674594879 0.160245805979 1.53645 0.685063 0.819655 1.575505
vehicle 22.6211719513 31.2526988983 -2.06566572189 4.78377 1.76583 1.47722 -3.132585
vehicle -5.48547697067 -12.1505947113 -0.552191913128 4.77793 1.82681 1.55484 0.03327445
vehicle -4.50790786743 -14.7661209106 -0.532815933228 3.68073 1.84013 1.50706 0.1415755
pedestrian -17.5634040833 33.5295906067 -0.582391440868 0.512332 0.765752 1.43751 -1.495496
vehicle -31.8326702118 30.4386520386 -0.49901175499 4.19923 1.65269 1.32212 3.137446
dontCare 20.1142082214 -17.525177002 -0.336205542088 0.257701 0.175003 0.699326 3.111038
dontCare 19.40193367 -17.0951919556 -0.317956387997 0.551149 0.380623 0.628077 3.111038
