vehicle -48.1200218201 25.0599861145 0.16016626358 4.3455 1.88965 1.11091 3.141592
vehicle -41.812210083 25.1422386169 -0.0683705583215 4.13363 1.75769 1.47417 3.141592
vehicle -37.2649765015 24.3694877625 -0.314878106117 2.39144 0.278893 0.821609 3.141592
vehicle -24.6633148193 24.7557582855 -0.556259512901 3.66854 1.3297 1.37144 3.056525
vehicle -20.1041469574 24.6650009155 -0.361844390631 4.02269 1.61267 2.15058 -3.116822
vehicle -12.6029500961 25.2688903809 -0.823138237 3.29726 1.70774 1.60313 3.141592
vehicle -6.57182216644 25.1455211639 -0.930889725685 4.21531 1.75827 1.52978 -3.094373
vehicle 10.6676254272 25.4117164612 -1.3485853672 4.46092 1.5775 1.4038 -3.099237
cyclist 13.6058530807 22.8075428009 -1.30037987232 0.648542 0.464102 1.34914 3.141592
vehicle 26.4990711212 25.2235794067 -1.4066170454 2.44906 1.42384 1.26192 -3.004138
vehicle 47.4295196533 29.063829422 -1.63437902927 3.82289 1.44522 1.42918 3.141592
vehicle 40.9171829224 10.5282831192 -1.33954691887 1.73398 1.43605 1.373 3.141592
vehicle -14.0296058655 -0.593147099018 -0.185215339065 4.74455 2.08504 2.15376 0.0
vehicle -6.61774587631 0.274701058865 -0.506031274796 4.53807 2.0169 1.90979 0.0
vehicle 8.61230278015 0.201020821929 -0.722496211529 3.18109 2.07579 1.97364 1.748456e-07
vehicle 14.8462753296 0.0180364660919 -0.211940094829 0.543052 2.53087 2.37626 0.0
cyclist 21.6872577667 -17.3137187958 -0.877382159233 1.62987 0.489322 1.72726 0.0
vehicle 24.438243866 -20.4515972137 -1.07397353649 4.47489 1.74713 1.32962 3.288005e-16
vehicle 30.4279575348 -20.4247550964 -1.0859464407 3.79661 1.75382 1.5189 3.008455
vehicle -3.72875332832 -20.2919788361 -0.685021936893 4.53344 1.84058 1.44603 -0.02443428
vehicle -22.1632614136 -20.6626224518 -0.187285393476 4.3752 1.90928 1.41327 0.0
vehicle -27.6684875488 -20.100271225 -0.198352694511 3.66723 0.79988 1.09077 -4.180846e-16
vehicle -51.7661628723 -20.6941776276 0.69684523344 3.97823 1.78145 1.41351 0.02131359
vehicle -46.0062789917 -20.6981086731 0.668929696083 3.57866 1.45091 1.23346 -4.244642e-16
vehicle 36.9173927307 16.0676994324 -1.24654817581 2.06728 1.5214 1.66397 3.141592
cyclist 51.828956604 28.3650951385 -1.53487300873 0.909781 1.84452 1.13776 -6.754147e-16
pedestrian -14.7462282181 -24.8011951447 0.0409207493067 0.841919 0.35504 1.58886 -9.597093e-16
pedestrian 0.639571011066 -24.7022438049 -0.364119440317 0.572716 0.62918 1.6493 0.0
pedestrian -23.1356506348 -26.8442802429 0.138534173369 0.560385 0.536972 1.35313 1.683816e-15
vehicle 50.6801948547 -27.3250312805 -1.17835855484 4.04008 1.55793 1.01571 1.550235
vehicle 53.0531921387 -24.0185127258 -1.20530116558 3.77622 0.593227 1.00932 1.55173
vehicle 56.3945007324 -23.4323120117 -1.05649936199 3.30557 1.51471 1.44091 1.543385
pedestrian -33.3533554077 31.0370731354 0.217042475939 0.127338 0.299385 0.915754 -0.3415051
vehicle 56.6555366516 5.60465717316 -0.268570542336 7.56915 2.8013 3.45873 0.5699095
vehicle 48.8799133301 34.4267425537 -1.55852735043 1.48032 0.0488006 0.336764 3.122663
pedestrian 35.6384658813 -12.7241325378 -0.919688880444 0.564716 0.581318 1.65648 -0.2675934
pedestrian 34.9936103821 -12.4841337204 -0.909399867058 0.558224 0.383896 1.15827 -0.2675934
cyclist 33.6860427856 -8.32614707947 -1.23516047001 1.66545 0.402646 1.0764 -1.555191
pedestrian 33.2314682007 -8.38865375519 -1.02225553989 0.508561 0.43997 1.47707 -1.555191
cyclist 54.6885108948 -6.88468122482 -1.25929522514 1.66803 0.602421 0.788208 -1.494246
