vehicle -48.609172821 5.02623987198 1.15790116787 3.78497 1.58958 1.87432 0.0341228
vehicle -50.7716522217 -1.49820053577 1.16754817963 2.46732 1.53973 1.34712 0.0341228
vehicle -32.5131492615 1.63761234283 0.415984064341 3.54511 1.71717 1.71606 0.0341228
vehicle -11.2942762375 6.01177978516 -0.430892437696 4.18732 1.83619 1.74635 0.0341228
vehicle -34.887348175 -6.15203714371 0.440960198641 4.02876 1.94724 1.38387 0.2067645
vehicle 7.67868328094 3.32324433327 -0.91120672226 4.20208 1.91323 1.71023 0.02555422
vehicle 15.9787855148 -0.0494563616812 -0.79284209013 3.22728 2.05419 2.01086 0.02555422
vehicle 20.5723819733 7.07025337219 -1.08498561382 4.28027 1.62742 1.5489 0.02555422
vehicle 23.941450119 3.32506203651 -1.10618937016 3.67253 1.66539 1.48728 -0.02450523
vehicle 43.4746627808 3.56653928757 -1.29571425915 2.96381 1.77945 1.39137 -0.02450523
vehicle 48.9763031006 -2.43509626389 -1.3106405735 3.52495 1.83206 1.69078 -0.02450523
cyclist 32.120349884 -17.6169815063 -1.06689536572 1.07392 0.613604 1.5224 0.004177262
cyclist 23.0475082397 -18.4528598785 -0.931617856026 1.75378 0.676021 1.46092 0.004177262
pedestrian 23.4284133911 -20.4511260986 -0.601977050304 0.601993 0.555591 1.54779 0.004177262
pedestrian 19.133939743 -21.0406208038 -0.3651945889 0.773742 0.65883 1.74602 0.004177262
vehicle -17.2662372589 -18.298915863 0.102847971022 1.3212 0.241297 0.972634 0.004177262
vehicle 1.22351944447 -46.7273712158 0.325097382069 1.33379 1.785 1.27948 -1.506602
vehicle 2.79562306404 -54.6069221497 0.354468941689 1.35432 0.282564 0.729062 1.660152
pedestrian 43.5813560486 33.5470809937 -1.38424015045 0.555032 0.413671 1.09117 -1.526305
