vehicle -37.1649894714 -11.9022283554 -1.01645612717 3.77521 1.70291 1.30364 0.00192861
vehicle -21.6526908875 -0.906340777874 -0.600662410259 2.94592 2.07213 2.59847 0.04496875
vehicle -10.0757894516 -3.2572324276 -1.05302011967 4.62463 2.07884 1.50107 0.009051694
vehicle -2.5087954998 -2.98279523849 -0.968709647655 4.59454 1.89788 1.4951 0.06718943
vehicle 4.13962984085 -2.62466645241 -0.85600477457 4.41639 2.00098 1.49628 0.003788398
vehicle 7.02259874344 -5.59097480774 -0.298141270876 9.12315 3.03551 2.26146 0.02891472
vehicle 10.0229606628 -2.39072537422 -0.618812382221 3.51108 1.81863 1.55317 0.02703927
vehicle 10.587635994 0.653501152992 -0.594274401665 3.13012 1.99664 1.49604 0.03328533
vehicle 33.3114585876 -8.09550094604 0.365579932928 4.74419 1.56633 1.11137 1.888938
vehicle 25.1112766266 5.00770282745 0.31873306632 5.94861 2.24464 2.41886 2.195307
vehicle 21.1109638214 2.74708390236 -0.013963076286 4.40166 1.77451 1.91225 2.195307
vehicle 13.7997245789 8.80101966858 -0.344730585814 4.75067 2.1715 1.84728 2.430104
vehicle 12.5893030167 14.5762548447 -0.60265225172 4.45774 1.71203 1.33601 2.706503
vehicle -26.0444030762 17.6597747803 -1.30578327179 4.16412 1.66801 1.4347 -3.104668
vehicle -23.9422225952 12.042886734 -1.0226149559 3.95597 1.62459 0.866009 -3.110881
dontCare 51.9731674194 -12.8944673538 1.415599823 0.0623718 0.1059 0.388099 -2.142548
cyclist 27.5306777954 11.3480520248 0.0204746238887 1.78795 0.533177 1.59639 -1.306483
cyclist 39.6692886353 13.5731248856 0.40090239048 1.50337 0.572337 1.3009 -1.198192
vehicle 31.1110095978 31.3291511536 -0.32920306921 1.78373 1.48226 0.882746 -2.060001
dontCare 28.9705886841 35.6843147278 -0.408464848995 0.458041 0.231025 0.338848 -3.050853
cyclist 25.2264270782 38.593624115 -0.661729514599 0.924938 0.42804 0.885994 -0.1198978
vehicle 22.3746089935 41.5678825378 0.492658406496 9.62749 3.10133 3.35959 -1.573686
pedestrian -1.96422100067 42.2832832336 -1.21513819695 0.703716 0.387407 1.10426 -3.098769
pedestrian -1.48653507233 41.3391609192 -1.18878448009 0.205027 0.428287 1.08255 0.07227729
pedestrian -0.346992522478 41.0878829956 -1.16902792454 0.414154 0.352594 1.06404 -0.1712397
pedestrian -0.820247650146 40.962600708 -1.28403353691 0.368193 0.351687 0.80316 -0.2839016
pedestrian -15.5930185318 36.7022323608 -1.48738622665 0.365546 0.230628 1.26808 3.101544
vehicle -21.1297130585 39.3505935669 -1.44200968742 4.52404 1.79042 1.9527 3.092831
pedestrian -15.4981660843 39.8182868958 -1.61014223099 0.33013 0.239504 1.3532 3.043859
dontCare -25.7265815735 40.4928092957 -1.42626404762 0.754912 0.412781 1.76224 -3.131349
pedestrian -30.9340991974 36.393787384 -1.80495905876 0.510511 0.18044 0.995499 0.835749
pedestrian -29.6245346069 41.1946792603 -1.46832084656 0.182028 0.215903 0.629052 0.08635022
dontCare -40.1886711121 37.2811737061 -1.76324403286 0.148812 0.410106 0.396983 0.0215781
vehicle -3.64367365837 -30.7417907715 1.24615371227 3.90319 1.6706 0.982462 -2.273255
