vehicle 8.81106185913 4.49736070633 -0.746420562267 4.54721 1.90441 2.06843 0.2726604
vehicle 9.43235206604 -1.62961649895 -0.812551915646 2.55439 1.15574 1.83543 -0.06770436
pedestrian 6.39802837372 3.31602740288 -0.865195393562 1.20181 0.413137 1.70404 1.579183
pedestrian -14.2983999252 -12.0049724579 -0.610269069672 0.619628 0.55199 0.977537 1.864924
vehicle -6.64754581451 2.8363339901 -0.728870391846 4.41886 2.41702 1.51777 -1.155516
vehicle -9.21838569641 2.05234026909 -0.659473240376 3.87658 1.72499 1.52238 -1.204932
vehicle -7.67054319382 -2.6144785881 -0.701457202435 3.51217 1.73897 1.51551 -1.334087
dontCare -9.37744808197 -2.86428284645 -0.348624944687 1.27983 0.606356 0.355185 -1.320461
vehicle -14.8707714081 1.04402351379 -0.387516200542 4.0155 1.79275 1.56085 -1.187392
vehicle -17.3798751831 -5.82511377335 -0.380322337151 4.68141 1.65271 1.57668 -1.338256
vehicle -21.9496097565 -6.91021823883 0.125118821859 4.27668 0.852787 0.666129 -1.189505
vehicle -34.508354187 -9.8352060318 0.666982829571 2.57533 0.428291 0.320219 -1.213152
vehicle -37.1851654053 -10.2282686234 0.796207845211 2.32747 0.650649 0.542059 -1.219661
vehicle -39.6277618408 -14.1156635284 0.82278329134 1.9297 0.72742 1.04395 -1.164693
vehicle -42.3877029419 -8.01849555969 0.604086279869 4.22912 1.04499 1.12516 -1.205829
vehicle -12.1031551361 19.8081302643 -0.391343146563 4.30322 1.36548 1.45381 -1.251504
vehicle -10.4863491058 14.2178068161 -0.349348276854 4.286 1.82078 1.8179 -1.288693
vehicle -13.442694664 13.5867500305 -0.411836475134 4.48358 1.74802 1.47002 -1.281093
vehicle -19.7819194794 16.8932781219 -0.208576351404 3.76338 1.70622 1.43818 1.877496
vehicle -21.1573181152 10.9032726288 0.131943166256 4.63607 2.08687 1.49389 -1.260891
vehicle -29.3349952698 8.43461227417 0.115093864501 4.41938 1.06419 0.854469 -1.16733
vehicle -42.5101280212 4.96789646149 1.09894871712 1.07057 0.350482 0.551762 -1.253521
vehicle -15.5681419373 30.7913284302 -0.169437542558 3.36529 1.63814 1.4981 -1.265924
vehicle -20.504491806 34.8903579712 0.441074460745 2.55564 1.75963 1.33072 -1.260078
vehicle -23.3827285767 27.905002594 0.337642043829 2.86468 1.55159 1.04078 -1.27339
vehicle -28.0642127991 31.1158905029 0.614267408848 1.14082 1.44063 0.617546 -1.253428
vehicle -32.9826164246 24.3982219696 0.456503003836 2.93273 1.92081 1.35269 -1.147881
vehicle -47.6792373657 19.4518165588 0.768774926662 4.21251 1.83194 1.02921 -1.256147
dontCare -11.3637304306 -21.670747757 -0.367443978786 1.98908 0.446257 1.41372 -1.155356
vehicle -19.2924022675 29.4243068695 0.663054943085 1.09074 0.93719 0.31776 1.917223
