vehicle 0.378429085016 8.94127559662 -0.455354213715 4.62121 1.8674 2.10395 1.04973
pedestrian -0.286499798298 6.14517974854 -0.687110543251 0.823965 0.535482 1.67971 -0.2844197
vehicle 4.89805746078 4.69982671738 -0.726662576199 2.34352 1.08118 1.84518 0.6671154
vehicle -6.78813505173 -7.59392690659 -0.749606311321 3.44049 1.63304 1.53168 -0.5495867
vehicle -11.1731119156 -5.19975996017 -0.559153079987 3.63972 1.53758 1.56145 -0.4007689
vehicle -9.82163143158 -2.63257479668 -0.600230276585 4.39894 1.82316 1.53763 -0.4117734
vehicle -14.9004364014 -9.74247264862 -0.424679219723 4.2464 1.83705 1.46951 -0.4146878
vehicle -11.6639900208 -16.1723079681 -0.549031376839 4.58145 0.884275 1.477 -0.6096205
vehicle -30.2930679321 -14.0828180313 0.31703299284 4.26623 0.626469 0.886267 -0.4187464
vehicle -26.0437583923 -6.73654651642 0.592998921871 4.45111 1.8501 1.02012 -0.5073441
vehicle -28.5836277008 -1.62467598915 0.286046624184 2.78074 1.52848 1.39389 -0.5100442
vehicle -22.1469593048 0.366050750017 0.0396399460733 4.37259 1.75258 1.59313 -0.5195281
vehicle -20.3822822571 2.87914156914 0.0777987986803 4.15298 1.71689 1.74892 -0.509052
vehicle -25.4933319092 5.87192106247 0.206208378077 4.43015 1.32225 1.45486 -0.4927564
vehicle -35.369808197 11.541885376 0.756095468998 3.34541 1.61814 1.39719 -0.5217534
vehicle -13.3927907944 -21.0573348999 -0.248317420483 1.88633 0.939422 0.783494 -0.2842894
vehicle -29.1981430054 -34.7096672058 0.18100965023 2.72271 0.261423 0.861395 -0.4832019
vehicle -23.2158203125 -37.4154930115 0.469694048166 3.21893 0.605488 0.852515 -0.4904576
vehicle -42.7632369995 -39.0223007202 1.0468146801 2.79 0.954901 2.1106 -0.4836261
vehicle -36.2024993896 -26.3761844635 0.183218404651 1.51628 0.22537 0.850835 -0.4247325
vehicle -43.6361274719 -4.90626716614 1.00211346149 2.3729 1.87129 1.39174 -0.1929445
vehicle -44.7194595337 3.32026267052 1.39312124252 1.06284 1.24444 0.562506 -0.5063453
vehicle -41.2834510803 11.4113073349 1.1400526762 3.75109 0.81293 1.64464 -0.4257778
vehicle -20.1912555695 -31.6930027008 -0.0487308502197 1.21781 0.480895 0.771602 -0.4863337
pedestrian -5.41720914841 -18.9299640656 -0.916109204292 0.619333 0.451553 0.741817 -0.4447914
vehicle -37.497253418 -30.2505226135 0.3327293396 1.3356 1.16986 0.67634 -0.564477
vehicle -40.5117149353 -35.1687049866 1.44203519821 2.6518 1.6727 1.75854 -0.6110366
vehicle -48.0606536865 -8.15394878387 1.06110394001 2.36247 0.307487 0.868857 -0.3870454
vehicle -39.0284042358 3.51644778252 1.49365913868 1.79513 1.19454 1.44732 -0.3937516
vehicle -37.4303703308 8.3539981842 1.44518303871 1.65907 1.31748 0.156411 -0.5166183
