vehicle -58.4928359985 -4.88188552856 -1.04024553299 2.19105 1.80779 1.40625 0.005867803
vehicle -46.7981452942 -1.29075396061 -0.945564568043 2.25103 1.77246 1.45604 0.005867803
vehicle -9.98204135895 -7.05439043045 -1.04961895943 4.9089 2.03235 1.50928 0.005867803
vehicle 10.0102071762 -6.29047250748 -0.560035586357 3.56458 1.84044 1.72827 0.005867803
vehicle 18.0912952423 -2.7579665184 -0.338887572289 4.00767 2.03713 1.70166 0.005867803
vehicle 44.962272644 -1.85391974449 0.427641570568 3.81853 1.76884 1.37508 0.005867803
pedestrian -6.40145349503 -10.1322479248 -0.721841216087 0.588678 0.578934 1.5731 0.005867803
pedestrian -5.56993436813 -13.6502370834 -0.479153871536 0.558251 0.472483 1.4425 0.005867803
vehicle 44.7436256409 20.5899124146 0.0397747866809 3.73514 1.79997 1.29409 -3.121391
vehicle 36.7694702148 13.6169662476 0.220185905695 4.85422 1.83278 1.61268 -3.121391
vehicle 4.1838517189 15.8615236282 -0.914560616016 4.5539 1.80081 1.69266 -3.071946
vehicle -18.9426994324 15.5419168472 -1.25715982914 3.44614 1.87305 1.45063 -3.104738
vehicle -19.8250865936 11.9384937286 -1.065939188 4.07981 1.88718 1.18776 -3.104738
vehicle -30.2443065643 12.2659111023 -1.04193115234 4.15499 1.61071 0.856497 -3.104738
vehicle -42.9854736328 18.113576889 -0.665900528431 0.422677 0.924649 0.283582 -3.136434
pedestrian -5.40004062653 22.6891994476 -1.11371862888 0.65127 0.438857 1.24508 0.3301215
pedestrian -6.36148929596 22.6627521515 -0.788522303104 0.513114 0.262424 1.02615 0.4696076
