vehicle -55.4633560181 -6.37447309494 -1.15150117874 3.49846 0.260938 0.455966 0.03272598
vehicle -31.736492157 -11.0189800262 -0.516866564751 1.96997 0.812786 1.70646 -0.02698555
vehicle -27.8136520386 -6.63357448578 -0.689236044884 4.72553 1.93563 1.73093 -0.02698555
vehicle 47.1514701843 0.905542850494 0.90731304884 3.42746 2.44381 3.08272 -0.04020489
cyclist 47.6166915894 12.2415237427 -0.134808018804 1.51113 0.790765 1.54411 -0.04276229
vehicle -30.1161346436 7.68241977692 -1.05839693546 3.76546 1.63284 1.34116 -3.079603
vehicle -35.44713974 6.99868822098 -1.0655195713 3.86347 1.71034 1.42279 -2.974553
vehicle -60.9583320618 5.6466755867 -0.832432746887 3.82062 0.473882 1.84945 -3.093969
vehicle -24.7093296051 13.3386268616 -0.888811171055 3.94466 1.71624 1.73851 1.653623
pedestrian -10.5383300781 14.1339712143 -0.959842383862 0.55313 0.544976 1.641 -1.48797
vehicle -30.6355571747 16.8385047913 -0.431913524866 4.53288 0.906437 1.14959 -1.433767
vehicle -36.1607131958 23.9100208282 -1.12056720257 1.82873 1.06629 1.30158 0.2851364
vehicle -31.2981739044 11.6307134628 -0.984739482403 3.59197 1.67946 1.4033 0.06612565
vehicle -55.3596420288 6.21223068237 -1.11095046997 3.98319 1.67655 0.994537 -3.071671
vehicle -11.823548317 9.02229881287 -1.02127206326 3.92067 2.00688 1.60559 -3.057194
vehicle -41.0211448669 -13.2304515839 -0.834715723991 3.63941 0.997429 1.28082 -1.508665
vehicle -45.4901542664 -6.91047239304 -0.883957386017 4.16184 1.84877 1.38057 -0.01045048
vehicle -17.6875934601 -36.3362350464 1.76731956005 4.92461 1.48958 0.602623 1.585948
vehicle -33.129283905 13.8352241516 -0.463375091553 1.2762 1.43205 0.65597 0.8154929
