vehicle 9.32909393311 -30.1662502289 1.31846380234 4.10826 1.75025 1.11262 0.8749686
vehicle -14.3720397949 -0.758880496025 -0.0269706062973 2.74184 2.82534 2.10125 0.04052792
vehicle 16.9433326721 0.559681534767 -1.17329871655 3.18737 2.01851 1.36357 0.05004339
pedestrian 26.2576408386 -16.2104606628 -1.07005560398 0.639318 0.443993 1.64699 0.0165569
cyclist 28.4074745178 -13.6577033997 -1.29218387604 0.992767 0.914129 1.35288 -0.7079323
cyclist 30.2764129639 -15.5283975601 -1.13143742085 0.798418 0.793886 1.67355 -0.7061571
vehicle 44.7592430115 -32.2792739868 -1.28480935097 4.72458 1.47913 1.26846 1.605172
vehicle 49.2484931946 -30.5174980164 -1.19627392292 3.40555 1.55182 1.00529 1.662823
vehicle 45.068397522 -24.3288402557 -1.32476770878 3.6164 0.847651 1.03398 1.654207
vehicle 48.8127403259 -23.1129722595 -1.28897929192 2.82168 1.68164 1.31167 1.626932
vehicle 56.6495704651 -21.1027908325 -1.59515082836 4.33362 1.62719 1.14696 1.404561
vehicle 36.7778320312 3.85894727707 -1.48498356342 4.11864 1.65047 1.51991 0.3724139
vehicle 42.6593971252 7.1268620491 -1.37115752697 2.17047 1.60859 1.85049 0.4636513
vehicle 51.086730957 -0.0798293054104 -1.73436355591 3.9297 1.39695 1.23718 0.7034848
vehicle 58.0979385376 2.91009259224 -1.50579023361 3.27534 0.998165 1.12034 0.8060003
vehicle 52.2928085327 11.9790840149 -1.73397493362 4.3872 1.28226 1.13571 0.4959868
vehicle 35.5191116333 7.34373188019 -1.41355323792 2.89475 1.10474 1.38611 -1.882751
cyclist 36.2350196838 11.420832634 -1.48386597633 1.14952 0.554608 1.4019 1.002358
cyclist 33.6989974976 11.3221988678 -1.47706353664 1.56827 0.522083 1.53165 1.16594
vehicle 42.3203849792 19.4081478119 -1.73220562935 2.25566 0.865196 1.46602 -2.015399
vehicle 52.4250869751 29.7398223877 -2.28805351257 1.30586 1.41922 0.470815 1.186736
pedestrian 41.5621795654 28.3614635468 -1.58865594864 0.370599 0.460756 0.965501 0.762889
pedestrian 38.5454139709 25.6280517578 -1.82020115852 0.518601 0.311167 1.18254 -0.4741667
vehicle 45.5042572021 38.3660774231 -2.08842277527 3.70756 0.960206 1.49453 -0.2724814
cyclist 40.487033844 40.9570121765 -2.18440842628 0.76273 0.274334 0.42493 2.923127
vehicle 34.2115707397 41.5647926331 -1.39804899693 7.94692 2.62962 2.43375 1.62798
cyclist 18.3455505371 40.918598175 -1.78319859505 1.67272 0.667388 0.639033 -3.096304
cyclist 21.2341022491 38.0452842712 -1.83021450043 1.63193 0.499579 0.857312 -3.095193
cyclist 21.9794998169 36.1286506653 -1.51903259754 1.0859 0.579562 0.85881 -3.096759
pedestrian 9.8109998703 40.7384872437 -1.6284725666 0.281681 0.2881 1.06436 3.071191
pedestrian -0.290005803108 40.4490699768 -1.34464502335 0.476023 0.22667 1.02681 3.093707
pedestrian -3.77312350273 40.159236908 -1.20615947247 0.355393 0.211841 1.29107 3.093707
vehicle -9.33106517792 39.5127334595 -0.840617656708 4.42121 1.51954 1.97995 3.130892
pedestrian -13.3705587387 35.8636474609 -0.939534604549 0.463899 0.544784 1.19663 3.088075
pedestrian -12.5665540695 36.4265136719 -0.831481337547 0.404482 0.721781 1.48033 3.078043
pedestrian -13.7712602615 37.9491882324 -1.10794007778 0.187709 0.372735 1.05767 2.961438
dontCare -15.3473615646 37.784526825 -1.24377024174 0.661841 0.375588 0.805812 3.105581
pedestrian -17.7681922913 37.560344696 -0.896795451641 0.587239 0.478365 1.01235 3.115255
pedestrian -18.4250717163 37.1598701477 -0.765665769577 0.402395 0.662996 1.29963 3.131625
pedestrian -31.0657081604 39.7071418762 -0.208195418119 0.448043 0.334753 1.26128 -3.052163
vehicle -33.0408821106 34.4442596436 -0.343231081963 2.61829 0.486044 0.895675 0.1662028
cyclist 43.6539421082 36.8609657288 -2.32919383049 0.562696 0.33069 0.845624 0.3091705
pedestrian 10.8738031387 34.4926681519 -1.1143321991 0.309262 0.227292 1.61587 0.05942919
pedestrian -34.8694610596 32.4380836487 -0.0712492391467 0.20004 0.325872 0.966661 0.07536526
