vehicle -36.3467102051 34.3110198975 -1.29216241837 2.07277 0.446828 0.949777 0.199416
vehicle -39.4372558594 13.581205368 -0.307753622532 5.79069 2.41641 2.74284 -2.808759
vehicle -13.667347908 51.5769119263 -0.168778061867 4.48484 0.853624 1.75016 -2.982336
vehicle -16.5806331635 53.7560691833 -0.472032040358 1.43277 0.451926 1.12173 0.258348
cyclist 0.0422649718821 48.7261352539 -0.269092798233 1.81864 0.466082 1.25426 -0.4872442
cyclist -1.48273742199 22.7569255829 -0.531157851219 1.72296 0.724402 1.67411 -1.265409
pedestrian 11.1314020157 -3.39468836784 -0.435720860958 0.739543 0.626511 1.70227 -3.058841
pedestrian 9.39596557617 -5.31288433075 -0.496289759874 0.823762 0.669937 1.69094 2.985462
pedestrian 9.57951641083 -4.78025197983 -0.445191293955 0.775158 0.763797 1.80901 2.985462
cyclist 8.20851135254 -12.2138061523 -0.62671738863 1.59094 0.602458 1.49753 -0.6364346
pedestrian 11.4305000305 -15.5868453979 -0.300205469131 0.598895 0.832561 1.65309 -0.3233511
cyclist 10.067656517 -20.288394928 -0.503541767597 1.75781 0.469393 1.41202 -1.404238
pedestrian 9.67680835724 -20.241519928 -0.387726873159 0.499658 0.417591 1.68991 0.0
pedestrian 16.2234477997 -21.0732326508 -0.119934782386 0.492947 0.585443 1.49032 -1.353869
cyclist -2.18243861198 -4.31254339218 -1.16832971573 1.78814 0.549739 1.11152 2.754517
pedestrian -2.38538217545 -4.70176458359 -0.869413018227 0.711444 0.656837 1.66651 2.756696
pedestrian -34.2649116516 -15.1651296616 -0.55840587616 0.481031 0.401683 1.43239 2.329081
vehicle 2.69582247734 -12.7165699005 -0.469732284546 3.01938 1.30586 2.28001 -1.082486
vehicle 5.91094398499 -18.0126018524 -0.382277667522 3.62065 1.56471 1.97493 -1.709465
vehicle 24.2045574188 13.7447948456 0.0380994975567 3.84266 1.60656 1.49589 -1.397755
vehicle 34.4946670532 -39.1447181702 0.487143814564 2.9551 0.469616 0.965353 -1.397755
vehicle 26.1137180328 -42.6255950928 0.184904426336 4.8388 1.50777 1.06507 -1.397755
vehicle 49.8434638977 -19.4795532227 0.653969347477 4.17313 1.70541 1.29256 1.796744
vehicle 45.1664962769 -13.5493812561 0.186083838344 4.6423 1.28622 0.344046 1.796744
vehicle 46.8320236206 -35.1036491394 0.847106814384 3.9423 1.74143 1.09337 1.796744
vehicle 8.58721923828 58.9479637146 0.275458723307 4.03268 1.6221 1.57792 -1.368145
vehicle 12.4145717621 58.0803031921 0.323900938034 3.57411 1.51427 1.50267 -1.370885
vehicle 15.2383480072 28.2153739929 -0.171420499682 4.14107 1.8597 1.40066 -1.386004
vehicle 17.4266433716 12.6985330582 -0.184742376208 5.14332 1.92395 1.71932 -1.356808
vehicle 22.5943946838 4.43006563187 -0.0682314559817 4.87109 1.0666 1.53083 -1.34138
vehicle 21.4321689606 -3.32658958435 -0.0620251409709 4.54362 1.8525 1.74792 -1.372738
vehicle 26.8073387146 -13.2228565216 -0.0422233343124 4.21185 1.72521 1.40424 -1.373855
vehicle 28.2711925507 -29.2466945648 0.291007906199 4.34392 1.71974 1.49209 -1.353957
vehicle 45.0396614075 18.5039196014 1.43149256706 10.8471 2.77559 2.95516 1.75749
vehicle 35.1822967529 34.0208969116 0.581637561321 3.84763 1.75873 1.18101 1.753397
vehicle 43.4209136963 -26.4339675903 0.628308832645 3.71325 1.56889 1.23701 1.951851
vehicle 45.4849891663 -25.167301178 0.936795830727 2.36995 0.672166 0.640972 -1.395182
pedestrian -26.1336555481 34.4711074829 -0.852512717247 0.587817 0.569817 1.3522 1.880158
vehicle 7.235683918 -29.5881233215 0.387056618929 4.47207 3.17708 2.80993 0.2161345
cyclist -49.6291809082 23.0569858551 -1.11974465847 0.883412 0.334776 0.981083 0.2112528
vehicle 49.1556816101 -32.6234931946 0.821824014187 1.27642 0.464371 1.112 -1.38318
dontCare -3.02345108986 -4.20687150955 -1.32694864273 1.26587 0.411187 0.742812 1.681587
vehicle 40.7978973389 9.52833652496 0.750128388405 3.64012 0.103159 0.599136 -1.217376
vehicle 53.4950294495 -24.5438842773 1.14284241199 2.19205 0.149865 0.493323 -1.316674
