cyclist -13.2674608231 -17.6739559174 -0.888139367104 1.75965 0.629835 1.50975 0.0832305
vehicle -30.7158412933 23.1804561615 0.112393856049 11.1756 2.65753 2.69484 -3.114703
vehicle -32.0215301514 17.0232505798 -1.25369083881 4.35486 1.77281 1.44611 -3.113217
vehicle -25.0099925995 17.5676021576 -0.93499994278 4.72314 2.07859 2.16844 -3.109612
vehicle -24.0324192047 19.4884548187 -1.54967236519 1.38834 0.104958 0.77925 -3.138392
vehicle -20.6465377808 26.7317390442 -0.798972010612 0.888282 1.21746 0.206841 -3.136729
vehicle -15.410779953 20.4808101654 -1.28492963314 1.59783 1.57817 1.3968 -3.074505
vehicle -10.6715421677 23.7382144928 -1.1964815855 1.66498 1.43735 1.42488 -3.112232
vehicle -9.58101558685 20.8799743652 -1.22570729256 1.27456 1.57185 1.39529 -2.900209
vehicle -10.6299982071 17.7048969269 -1.00204610825 3.83801 1.81851 1.80711 -3.117249
vehicle -4.11958694458 18.1376056671 -1.02482402325 4.68479 1.61388 1.51153 -3.11259
vehicle -2.80355000496 20.8615760803 -0.843351364136 3.29657 1.69612 1.75287 3.110476
vehicle 2.53932547569 18.1965389252 -0.863791882992 3.94905 1.72565 1.64131 -3.093358
vehicle 5.14066505432 21.0013713837 -0.907024562359 2.29265 1.6731 1.61674 -3.080764
vehicle 1.87992060184 24.2497768402 -0.870956897736 3.27851 1.54309 1.45623 -3.13261
vehicle 8.71836948395 24.0749893188 -0.831197321415 3.67251 1.88024 1.70495 -3.084435
vehicle 10.4566316605 18.1776809692 -0.629287540913 4.6867 2.33083 1.84631 -3.122024
vehicle 17.4128360748 18.7524223328 -0.539962410927 4.0917 1.86343 1.69217 -3.125742
vehicle 20.9695396423 24.6452350616 -0.566026508808 3.52317 1.35478 1.76901 -3.063673
vehicle 26.7649021149 18.9685401917 -0.377195954323 4.341 1.76456 1.39348 -3.116687
vehicle 31.0159626007 25.0540599823 0.578251421452 11.1628 2.85942 3.62104 -3.101925
vehicle 32.9580955505 19.7783489227 0.469175606966 5.79071 2.79285 2.9067 -3.084085
vehicle 41.3150901794 19.6720790863 0.145358413458 4.29377 1.96955 1.47074 -3.089503
vehicle 49.37733078 20.3355407715 0.334406137466 3.72357 1.43983 1.29618 3.105819
vehicle 53.8786849976 23.3418807983 1.75025963783 11.1487 3.10354 2.83856 3.117694
vehicle -7.24913692474 40.5770645142 -0.0770686343312 8.85618 1.46296 1.83037 0.03910394
vehicle -17.6514511108 40.5705680847 -0.881966888905 8.55997 2.14243 3.08478 0.02698991
vehicle 33.1643943787 22.5893230438 1.02718651295 2.20693 1.65139 0.971374 -3.117147
vehicle 27.2606506348 21.9392852783 -0.408361077309 3.51232 1.73969 1.4773 -3.064976
vehicle -17.4300994873 17.3806400299 -0.897978484631 5.12693 1.95726 2.14535 -3.095097
