vehicle 7.68394422531 3.09501814842 -1.01435506344 4.01498 1.97316 1.47048 -3.118023
vehicle 13.7539691925 2.91418647766 -0.813053011894 3.90954 1.68343 1.89761 -0.002290905
vehicle 18.9908638 3.071403265 -0.76507216692 4.77978 1.53106 1.9349 -0.01986801
vehicle 25.4986038208 2.49297189713 -0.971025049686 3.20695 1.17939 1.36425 -0.06480478
vehicle 35.633518219 2.45332384109 0.561660289764 11.5894 2.52741 3.50578 -0.03378418
pedestrian 11.2896680832 7.71371221542 -1.22362327576 0.640067 0.786649 0.673204 -1.611439
pedestrian 11.5408401489 8.88943862915 -1.24471771717 0.742266 0.776416 0.624686 -1.611439
pedestrian 11.6443824768 9.65680408478 -0.69579398632 0.187553 0.184715 0.675844 -1.830209
cyclist 1.35411274433 5.75026082993 -1.34927868843 1.33385 0.692999 0.577161 0.3212356
pedestrian 4.57519006729 6.20001506805 -0.858512938023 0.40451 0.404349 1.59427 -1.048909
pedestrian 4.41682434082 5.32216262817 -0.886427342892 0.434489 0.508814 1.60156 -1.048909
pedestrian 2.58805656433 12.0301675797 -1.01484179497 0.624866 0.694737 0.987624 -0.201912
pedestrian 1.60429286957 12.7711572647 -1.03302907944 0.609374 0.444951 0.946998 -0.5064682
vehicle 13.776137352 -2.68730568886 -1.02211344242 4.17119 1.86074 1.45075 -0.03715102
vehicle 19.3318881989 -2.66047167778 -0.997538745403 3.70721 1.55452 1.42433 0.03405483
cyclist 17.3578243256 -0.859996855259 -0.745217740536 0.90864 0.589437 1.38558 0.04462151
vehicle 2.48353719711 -5.1539607048 -0.929524719715 3.68041 1.81614 1.54139 -1.020551
vehicle -0.0695105418563 -8.48497962952 -0.813553750515 3.99758 1.92624 1.50373 -0.7341208
vehicle -3.27097177505 -9.81252384186 -0.665320932865 3.26397 1.65459 1.73991 -0.671548
pedestrian -6.62439155579 -12.116651535 -0.520573437214 0.77817 0.582786 1.62145 -2.592825
vehicle -7.00800991058 -14.0040149689 -0.617390096188 1.39564 0.381836 1.42795 0.643383
pedestrian -2.84938025475 -16.2055263519 -0.179814085364 0.434941 0.574629 0.919211 -2.15453
pedestrian -3.49651741982 -18.4183368683 -0.0181884821504 0.240491 0.296357 0.589982 -2.8326
vehicle -6.03501987457 -20.8176212311 0.111755542457 4.0131 1.58356 1.01382 0.700384
vehicle -5.21857023239 -24.3553447723 -0.225249454379 2.07786 0.599702 0.752055 0.877055
vehicle -5.86123085022 -28.486164093 -0.348573833704 2.93435 1.48471 1.37204 0.7183295
vehicle -5.36746788025 -32.2937812805 -0.375522166491 1.85169 1.63917 1.47409 0.6068169
vehicle -5.54858827591 -35.1177558899 -0.292129129171 1.93875 1.21822 1.32992 0.554868
vehicle -5.52532291412 -38.5618095398 -0.132869303226 2.85333 1.12552 1.51658 0.4040505
vehicle -4.2514834404 -45.0325317383 -0.327000796795 1.39396 1.53772 0.911777 0.09057228
vehicle -5.1543712616 -49.2460098267 -0.0996260344982 1.78388 0.462084 0.98821 0.6785377
vehicle -4.94653701782 -52.4125900269 -0.121698021889 1.84531 1.27195 1.09689 0.3449529
vehicle -5.76037120819 -59.1525726318 0.00804963055998 3.47285 1.62149 1.60846 0.7769313
vehicle -10.8613424301 -21.3022060394 0.173868849874 6.12538 2.20913 2.7719 1.521449
cyclist -10.5461015701 -10.2026052475 -0.485471785069 1.71053 0.851185 1.53426 1.531297
cyclist -11.1345033646 -7.5291724205 -0.502215325832 1.48007 0.618815 1.57414 1.518145
cyclist -12.2941446304 -5.92195796967 -0.467033088207 1.78417 0.701125 1.54363 1.800016
pedestrian -10.2764406204 -4.67206001282 -0.423348367214 0.917233 0.58884 1.81238 -1.33953
pedestrian -9.69533824921 -4.44028949738 -0.534351885319 0.655641 0.613594 1.62891 -1.33953
vehicle -11.1323986053 -0.681390523911 -0.58944272995 4.13634 1.95227 1.57267 0.3493947
vehicle -8.40925788879 3.64461612701 -0.591418802738 4.31121 2.09253 1.75805 3.132302
vehicle -6.6028137207 8.42310810089 -0.859170019627 3.26463 1.13776 1.22424 0.3465498
vehicle -7.18702173233 11.4792842865 -0.438721597195 3.94834 1.75751 1.91923 0.4701122
vehicle -9.25050640106 13.0863237381 -0.323209792376 3.59125 0.626163 1.00306 0.504793
vehicle -19.5083656311 8.78045845032 0.477922350168 2.70513 1.4253 0.198785 2.935637
vehicle -27.5791130066 16.701335907 -0.052825011313 2.02407 1.30518 1.26288 -2.976733
vehicle -29.1774539948 19.3384990692 -0.0819000974298 1.27871 1.46345 1.37769 -2.924782
vehicle -30.979801178 21.9498443604 -0.213861182332 1.33733 1.70328 0.782404 -3.13101
vehicle -20.6731033325 23.1073417664 0.034704413265 1.68255 1.56936 1.74331 1.645248
vehicle -28.9677696228 28.4921226501 0.00582918990403 1.71855 1.76559 1.30899 1.650083
vehicle -32.2373352051 29.4969329834 0.0831065475941 1.91272 1.85639 1.16786 1.447334
vehicle -19.2753772736 -6.82400512695 -0.301546871662 4.8841 1.8671 1.76818 1.17894
vehicle -47.516834259 24.8283367157 1.19725763798 2.27342 2.18677 1.01336 1.88887
vehicle -36.6408958435 12.7551774979 0.119089610875 2.83715 1.46992 1.05631 1.961507
vehicle -36.2410850525 6.26637125015 0.02267982997 4.33845 1.67674 1.19185 1.964065
vehicle -37.2452278137 -0.52894037962 0.232328891754 5.04504 1.84811 1.65588 1.944833
vehicle -30.866071701 -5.40839862823 0.0701404213905 4.79792 1.78706 1.7518 1.8987
vehicle -28.6561145782 -16.4956054688 -0.222425967455 3.50406 1.48201 1.21094 1.752171
vehicle -27.5291957855 -25.0553531647 0.0079074986279 3.10987 1.12601 1.18816 1.535043
vehicle -27.0833854675 -38.2199363708 0.0487022772431 3.88111 1.75638 1.28473 1.54644
vehicle -23.8190174103 -23.2453136444 0.0169082731009 4.43033 1.37257 1.08057 1.548448
vehicle -52.4632797241 -14.9155654907 0.899419128895 4.55053 1.69131 2.37085 -1.410455
vehicle 31.0360794067 -23.4915351868 -0.255991637707 3.2044 0.830536 0.702391 -1.579874
vehicle 38.890712738 -22.7273712158 0.190919175744 4.17575 1.99946 1.54525 -3.109489
vehicle 30.7178134918 -34.4609107971 -0.222549438477 1.13796 1.37797 0.667785 -1.538321
vehicle 12.3173046112 0.222090870142 -0.678639531136 3.20028 2.06473 2.07606 0.01506985
pedestrian 54.1215667725 -9.41624259949 -0.328830271959 0.193732 0.13776 0.74767 -1.403045
vehicle 55.9308357239 -3.38037490845 -0.654810070992 1.02264 1.31556 0.703715 -0.01006673
cyclist 15.8282623291 9.51465129852 -1.09307408333 0.782184 0.955295 0.650701 0.0
vehicle 30.3110179901 -49.992313385 0.357558578253 2.78068 2.04204 1.64042 1.539937
vehicle 30.2871932983 -40.0105400085 0.788974642754 1.6548 1.68989 0.983645 1.567111
cyclist 0.0888694673777 13.2128362656 -1.22583889961 1.46987 0.405993 0.493729 2.506717
pedestrian -3.60022783279 -27.3514404297 -0.433247566223 0.510122 0.663988 0.868992 -0.09408424
vehicle 55.3379249573 -22.9081401825 0.348420351744 0.718049 1.95183 1.65085 -0.05801606
