vehicle -35.2976036072 32.4230499268 0.350461989641 3.90205 1.79404 1.29346 2.664531
vehicle -41.8866004944 12.0767812729 1.18477070332 8.70603 2.77747 2.61194 -0.4677488
pedestrian -5.50441884995 20.9607810974 -0.627142846584 0.591036 0.485798 1.6259 -0.4677488
pedestrian -1.49855566025 21.8262996674 -0.80266648531 0.419961 0.464535 1.68893 -0.4677488
pedestrian 0.764079451561 34.4642982483 -0.414294987917 0.398117 0.234792 1.0952 -0.4742264
dontCare -22.5027866364 44.0232696533 -0.546772181988 0.243526 0.143087 0.576067 -0.4824779
vehicle 7.38570833206 29.4038467407 -0.946243226528 3.92066 1.66564 1.83516 2.348636
vehicle -1.50857615471 38.0381507874 0.3160841465 9.8216 3.77128 3.85105 -2.01666
vehicle 13.5462503433 28.6570739746 -0.921363472939 2.7263 1.22562 2.14862 3.053584
pedestrian 16.1099720001 26.7467746735 -1.10689198971 0.685776 0.547173 1.71199 -0.1658722
cyclist 0.882132947445 22.1264533997 -0.886698126793 1.98482 0.74679 1.55868 0.9458081
cyclist 2.98064088821 22.0875225067 -0.975319206715 1.44192 0.708703 1.51488 0.9458081
vehicle 19.967414856 12.9378738403 -1.2367374897 3.75369 1.86979 1.4701 -2.403769
vehicle 27.9867591858 6.06137895584 -0.909946620464 3.8287 1.60348 0.846561 0.365776
vehicle 38.1751327515 12.3982934952 -1.14484810829 3.96224 1.77034 2.10491 0.6207766
vehicle 28.9646129608 27.6317825317 -1.6007014513 4.81514 1.80918 1.12984 -1.893542
vehicle 32.7318191528 27.5080928802 -1.56510806084 3.69043 1.51021 1.28799 -1.959815
vehicle 35.3652954102 35.3943367004 -1.12395012379 2.30059 1.15496 0.667256 -1.696462
vehicle 37.1190643311 43.5503845215 -0.36017152667 9.68795 2.73606 3.6622 -1.849015
vehicle 39.2055091858 38.5112457275 -0.821736335754 4.56037 1.77412 1.12411 -1.784301
vehicle 39.4102706909 30.0884742737 -1.30409824848 3.33157 0.593688 1.54692 -1.84353
vehicle 37.6282348633 22.5391178131 -1.34073269367 2.80035 1.5107 1.38343 -1.876106
vehicle 40.3913345337 20.2782688141 -1.68710577488 4.16301 1.80483 1.05801 -1.840886
vehicle 46.3117866516 40.9690322876 -0.880408525467 4.78138 1.74121 1.90675 -1.824507
vehicle 36.6330337524 28.4604606628 -1.74174118042 1.09346 0.977168 0.930673 -1.808164
dontCare 34.4072113037 24.9889163971 -1.65337312222 0.506692 0.287663 1.08937 -1.939441
cyclist 49.4218559265 -2.57159280777 -1.23673403263 1.5779 0.552893 1.54263 0.5833719
pedestrian 58.3174209595 6.14686870575 -1.3308942318 0.379027 0.420643 1.43023 -0.3377274
vehicle 54.6123046875 -15.8487567902 -1.03347182274 4.70354 1.84901 1.74041 2.693439
vehicle 52.4782562256 -18.3208675385 -1.48137927055 3.9066 1.79488 0.728629 2.693439
cyclist -26.5471343994 1.34186601639 0.107944980264 1.83134 0.536994 1.50198 0.8520569
cyclist -25.3629627228 0.475140333176 0.0449153594673 1.83811 0.606345 1.61383 0.929656
vehicle -20.6275653839 3.55292463303 -0.112091332674 2.53767 0.979795 1.49341 -2.417404
cyclist -32.9213294983 -8.96753120422 0.0695111677051 1.64111 0.452522 1.30801 -1.222248
cyclist -32.2009773254 -11.1952381134 0.160210743546 1.41844 0.659993 1.54805 -2.241319
vehicle -40.4310798645 -21.0378246307 0.717700064182 2.32996 0.991136 0.872537 -2.188501
pedestrian -36.2634010315 -10.2502727509 0.697799682617 0.52446 0.457093 0.916694 -0.5170237
vehicle -23.1651477814 -26.3217411041 -0.109319910407 3.9932 1.75549 1.42313 1.185887
vehicle -26.3559970856 -33.6272010803 0.106205798686 2.87759 1.37596 1.12004 1.146722
vehicle -19.7911872864 -27.2749023438 -0.299716889858 4.02913 1.79279 0.916974 1.146722
vehicle -22.5338935852 -33.5870361328 0.10737156868 3.2417 1.36467 1.14257 1.146722
vehicle -25.0615901947 -39.6859283447 -0.197645097971 3.75447 0.281098 0.662956 1.146722
vehicle -29.7556915283 -47.510433197 0.766904115677 4.86914 1.77788 1.4261 1.146722
vehicle -17.3766117096 -30.0657539368 -0.246831417084 2.00104 1.68034 1.31506 1.146722
vehicle -20.5230808258 -37.6839141846 0.128877282143 2.30102 0.402748 1.11835 1.146722
vehicle -16.549539566 -34.9076919556 0.321690529585 6.04565 2.20544 2.60491 1.069176
vehicle -11.6622991562 -28.6504268646 -0.454754203558 4.51856 1.91426 1.3358 0.8778339
pedestrian -16.4488296509 -42.7224998474 0.290552318096 0.463005 0.355707 0.914976 0.8619885
cyclist -15.396856308 -43.994468689 0.0259882472456 0.690242 0.52235 1.46914 0.8619885
cyclist -11.3274345398 -33.7406044006 -0.380552947521 1.75802 0.599789 1.61375 2.072167
pedestrian 4.67789506912 -28.0575180054 -0.572209358215 0.57371 0.373723 1.62345 0.1733157
cyclist 6.44260454178 -29.3040866852 -0.689291238785 1.51301 0.877173 1.48364 0.8332157
cyclist 8.26236629486 -24.211971283 -0.710004031658 1.77005 0.687505 1.52313 0.4878429
vehicle 9.91703701019 2.15075063705 -1.02739799023 3.16587 2.00184 1.41875 0.1588939
vehicle 59.4742050171 11.0633878708 -1.72783517838 1.57172 0.946957 0.769005 1.047836
vehicle 42.4626579285 27.9077777863 -0.82695800066 1.28939 0.752199 0.0413818 -1.873247
