vehicle -29.4605026245 -3.09593915939 0.113407559693 3.37271 1.7266 1.53723 0.0
vehicle -0.876181304455 -6.54783153534 -0.553633153439 4.42045 1.50821 0.965967 0.0
vehicle -12.6831140518 -6.80784511566 -0.452863633633 4.52962 2.07542 1.50531 -0.05677167
vehicle -1.59363663197 -12.2100868225 -0.446098655462 4.55243 1.78168 1.32691 0.07447598
vehicle -34.2736968994 -14.6639862061 0.758261501789 1.88401 1.34535 0.942321 -0.06540442
vehicle -16.6517276764 -34.383266449 0.663876414299 1.23521 1.37878 0.748118 -0.09168248
vehicle -29.7595500946 -44.3591003418 1.28519392014 3.94774 1.27999 1.32638 -0.04615502
pedestrian -56.1531028748 -0.72071325779 1.01831519604 0.776985 0.271572 1.36987 -1.551428
vehicle -29.8560295105 -6.72929430008 0.752669811249 1.81784 1.20606 0.206757 -0.05444197
vehicle -29.4187278748 -11.4648551941 0.282012045383 2.88695 1.96304 1.28648 -0.04006363
vehicle -29.0943889618 -21.7571125031 0.497076302767 2.54747 1.69249 1.42245 0.08656034
vehicle -12.3602571487 -51.287071228 0.817814469337 3.75166 1.11914 0.984884 -0.06768417
vehicle -11.7291936874 -46.1249237061 0.35743239522 0.906409 0.296423 0.611878 -0.7967829
vehicle -20.0818538666 -46.2937507629 0.795240700245 1.36522 0.171974 0.982086 0.09319837
vehicle -12.6951551437 -40.7923660278 0.575595319271 1.9407 1.12438 1.07815 -0.1470005
vehicle -13.6588506699 -37.4252967834 0.41844189167 4.36453 1.28238 1.32264 -0.0331288
vehicle -12.9594392776 -23.768415451 0.0385735034943 4.55733 1.81418 1.56701 0.08795013
vehicle -12.5515499115 -14.8488759995 -0.170140177011 4.45046 1.91681 1.66287 -0.02879353
vehicle -17.4474411011 -11.6134166718 -0.16144323349 3.00909 1.46955 1.48253 0.0003467489
vehicle -12.2742013931 -3.74638795853 -0.426731169224 4.37617 1.89388 1.79616 -0.008788913
vehicle -18.223733902 -3.4011862278 -0.350238204002 4.6667 1.38313 1.55467 -0.03755601
vehicle -0.466485619545 -3.6331243515 -0.80608433485 4.42579 2.02448 1.36864 0.09236487
vehicle 4.48087692261 -6.71449947357 -0.902633428574 3.39452 1.90686 1.56684 -0.06824961
vehicle 4.24050664902 -16.9036808014 -0.63955706358 4.66178 1.74004 1.47239 -0.1131338
vehicle 2.79664206505 -21.7379169464 -0.491486161947 2.42329 1.36783 1.36471 3.130233
vehicle 2.38213253021 -34.284828186 -0.289020240307 2.70739 0.983574 1.29173 -3.095089
vehicle -1.87614512444 -41.2703018188 0.0955015793443 3.96585 0.841795 1.55792 0.01992432
vehicle 9.43918132782 10.0424890518 -0.868249595165 2.89504 1.193 1.82929 1.142262
vehicle 3.08218574524 11.2354621887 -0.730656385422 4.48084 1.89221 2.04983 1.539511
vehicle -30.9259719849 -26.5548191071 0.319629371166 3.83541 0.325519 0.559837 3.091202
vehicle -27.3123989105 -37.9242706299 1.40260577202 1.33395 3.36011 1.80287 -0.1145364
vehicle -0.817993879318 -43.5803108215 -0.348001867533 2.81007 0.0925061 0.332195 -3.138553
vehicle -33.015247345 -27.8299160004 1.96610248089 2.35244 0.576149 0.299806 -3.098709
dontCare -35.2382965088 -6.39748620987 0.924082875252 2.55514 1.66779 0.563397 -3.101944
