vehicle -41.1693954468 -5.89454364777 -1.35050904751 4.02172 1.13485 1.43857 1.007586e-16
vehicle -33.202041626 -5.72134637833 -1.25007796288 3.69263 1.32344 1.58764 0.009975133
vehicle -33.4243164062 -9.49671649933 -1.01618719101 2.44992 0.972227 1.0391 0.01871536
vehicle -28.5874443054 -11.6948366165 -0.495044380426 3.13694 1.49548 0.534404 0.0007664163
vehicle -26.485994339 -8.82520389557 -0.620287716389 2.13364 1.46286 0.609097 -0.001894574
vehicle -23.6764373779 -5.53257799149 -1.05645501614 4.42712 2.15743 1.82208 0.01532997
vehicle -17.5429439545 -8.56783866882 -0.743726491928 3.43819 2.1303 1.17026 0.05719421
vehicle -17.6718997955 -11.3635835648 -0.485309541225 0.722219 0.331313 0.563867 0.0
vehicle -15.9259128571 -5.68064928055 -1.02258718014 4.04035 1.73725 1.6191 0.01582963
vehicle -9.6820268631 -8.4663105011 -0.845152676105 4.44174 1.92597 1.78927 0.05904796
vehicle -9.12387466431 -5.82565450668 -1.03184580803 4.72731 1.94931 1.49692 0.01691775
vehicle -1.21359956264 -11.3710985184 -0.776468217373 4.27229 1.88157 1.63685 0.01592074
vehicle -1.74960339069 -8.37884807587 -0.856003701687 3.59992 1.76412 1.60727 0.05960091
vehicle -2.69328665733 -5.40650749207 -0.823550581932 4.07614 1.84951 1.75453 0.04186772
vehicle 1.85953187943 -8.05343914032 -0.736286759377 1.82701 1.33869 1.29027 0.02955963
vehicle 3.9319691658 -5.21697425842 -0.556777715683 5.1941 2.13429 2.07023 0.01911692
vehicle 11.4688558578 -5.39286136627 -0.239648327231 4.88744 1.94731 2.24804 0.02355109
vehicle 9.49455165863 -7.51770401001 -0.604358136654 2.71907 0.535714 1.27356 0.01751389
vehicle 18.5345897675 -4.83540916443 -0.322270750999 4.49451 1.76068 1.49245 0.01998178
vehicle 13.5050439835 -11.1572399139 0.283345460892 4.03594 2.5122 1.75846 0.001735594
vehicle 24.958902359 8.69522476196 -0.173791065812 4.44242 1.99904 1.29512 2.708229
vehicle -9.15797901154 16.6241989136 -1.39805459976 4.47971 1.89982 1.41794 -3.140635
vehicle 55.8777198792 14.0134000778 0.613990843296 3.49237 1.62465 1.41162 1.623787
vehicle 58.1233520508 11.2566871643 0.815992414951 2.95872 1.17837 1.08802 1.433141
vehicle 57.7300720215 5.11624956131 0.807214617729 3.92055 1.78735 1.09601 1.390805
vehicle 57.7753334045 -2.44979929924 0.810461044312 4.19969 1.66404 1.00454 2.515123
cyclist 25.3435459137 30.7254638672 -0.623196661472 1.21157 0.630639 1.48356 -1.414429e-15
vehicle -6.51819038391 -28.4966506958 -0.00610794499516 8.91468 2.51226 3.09791 0.008591572
vehicle 3.75920438766 -28.4144515991 0.359872400761 8.56214 2.3956 2.75789 -1.301043e-18
vehicle 48.7192153931 -14.6813545227 0.750571787357 3.96568 0.466011 0.972786 1.476742
