pedestrian -5.46705245972 -1.58155763149 -0.175785213709 0.422498 0.515508 0.834082 3.102581
vehicle -24.4212112427 21.6448020935 0.335184782743 1.738 0.342003 0.882145 -3.023274
vehicle -39.9812736511 28.6454563141 1.08389425278 2.81026 0.849662 0.945129 -3.076109
vehicle -1.23627018929 9.11284923553 -0.882089078426 4.46027 1.79584 1.51614 -3.050718
vehicle 0.192926853895 12.0590839386 -0.777782261372 2.66328 1.33405 1.27417 3.056734
vehicle 0.667592465878 17.7875366211 -0.558597147465 2.99725 1.5745 1.08837 -3.072041
vehicle -6.09852600098 22.1552085876 -0.550058662891 4.69582 1.34532 1.48983 3.05731
vehicle -4.58339738846 27.2430419922 -0.357228428125 2.2373 1.42921 1.07808 3.05731
vehicle -4.04756402969 39.8772735596 -0.496989905834 2.19306 1.073 1.28858 -3.059098
vehicle -3.79828763008 42.3204345703 -0.14512655139 2.31379 0.606578 1.07804 -3.059098
vehicle -0.207524463534 46.8803825378 -0.19734364748 3.95755 0.994341 1.21121 -3.059098
vehicle -1.95787990093 49.5322914124 -0.23400144279 1.61685 0.879922 1.30314 -3.089259
vehicle -0.92304879427 52.3941459656 0.37774014473 3.35033 0.164834 0.704226 -3.089259
vehicle 9.87721157074 56.8567390442 -0.293169766665 2.46629 0.989896 1.46049 -3.104873
vehicle 17.170797348 51.989654541 -0.600297212601 1.58385 0.094177 0.65565 3.107846
vehicle 10.3519105911 51.9396743774 -0.399977117777 2.1105 1.28116 1.02291 3.107846
vehicle 11.6813144684 43.1945495605 -0.705429494381 4.47912 1.64156 1.11939 -3.138927
vehicle 10.9544763565 29.3814487457 -0.777830541134 4.16555 1.74109 1.49811 -3.061949
vehicle 16.4551467896 17.2196426392 -0.349683135748 3.34249 1.6014 0.769393 -3.101797
vehicle 10.7115345001 12.3683862686 -1.12198913097 3.85491 1.67151 1.4889 -3.101797
vehicle 16.5500831604 9.24669742584 -1.25413811207 5.01797 1.74641 1.5458 -3.134926
vehicle 10.6790771484 9.2613735199 -1.04213356972 4.42252 1.90734 1.78363 -3.134926
vehicle 32.6799964905 12.2111539841 -1.2877061367 3.6043 1.82196 1.62173 -3.134927
vehicle 27.783367157 12.4034376144 -1.42704427242 4.17698 1.70544 1.42973 -3.098551
vehicle 27.8703689575 17.2783222198 -1.21654689312 3.16761 1.4779 1.15454 -3.13493
vehicle 32.0407524109 20.8544158936 -1.14451813698 0.527515 0.587309 0.279541 -3.134934
vehicle 29.8091812134 26.9165153503 -0.731026113033 2.30443 0.773394 0.324638 -3.134943
vehicle 27.2279529572 36.9929847717 -0.994067013264 3.54153 2.0578 1.69849 0.006633043
vehicle 27.19008255 33.1984291077 -1.34736609459 0.893449 1.45617 0.886538 -3.134994
vehicle -10.9760599136 -4.84710884094 -0.321129143238 3.28324 1.17561 1.9075 -2.01288
vehicle -4.54666280746 -5.8515381813 -0.487785875797 4.51449 1.78223 2.12111 -1.59476
vehicle -6.22453594208 12.1450891495 -0.674656271935 3.4583 1.70607 1.45993 3.076884
vehicle 10.9318370819 20.3546257019 -0.924534320831 4.6317 1.95633 1.65356 3.117565
vehicle 27.8555374146 8.81317806244 -1.44360923767 3.62489 1.57867 1.5029 3.121763
pedestrian -18.5824871063 6.17897462845 0.194657191634 0.873175 0.557795 1.8055 -0.00765724
vehicle 11.3382053375 46.4074897766 -0.489195853472 3.16242 0.802161 1.25805 0.01270094
