vehicle -6.25045061111 -9.93118476868 -0.875206053257 4.16719 1.80259 1.63631 -0.05342716
vehicle 5.12908840179 -11.8196973801 -0.491001278162 4.86079 2.06172 1.95409 0.001567603
vehicle 7.18329238892 -2.80328464508 -0.419784575701 6.67342 2.53277 2.27179 0.01191242
vehicle -14.8294744492 -0.515040695667 -0.406138986349 3.72118 2.12185 2.7067 -0.0006979805
vehicle -42.2953453064 -11.5069475174 -0.60841357708 7.24894 2.51022 2.55653 -0.0732225
vehicle -58.8619918823 -7.84636497498 -1.40597212315 3.59497 1.69616 0.817886 -0.01067215
vehicle 41.8496894836 -5.02380418777 0.392079770565 3.99811 1.80942 1.31434 -0.003008609
pedestrian 4.69410228729 -27.2163314819 -0.370039492846 0.832329 0.546578 1.73192 0.0
vehicle 21.5817909241 -23.4855270386 0.741517186165 3.63069 3.26839 2.27885 -5.404102e-07
vehicle 11.7789573669 -28.1909236908 1.21257090569 7.92363 1.47864 1.25743 -0.01689154
vehicle 20.6295089722 -28.6102981567 0.527201652527 6.60596 2.51958 2.8917 0.0
vehicle 45.3647918701 2.84190797806 0.565665543079 3.76243 1.9041 1.06486 0.7700036
vehicle 48.7097244263 1.09064114094 0.601353347301 1.1943 1.3601 1.15715 1.175052
vehicle 53.3291091919 -4.30646181107 0.627563297749 0.777994 1.42949 0.656545 -0.05210788
vehicle 55.7654457092 0.0580478645861 0.798689067364 1.05607 1.5195 1.02255 0.4225152
vehicle 56.9277839661 -8.57885360718 0.806361675262 1.27978 0.967278 1.04763 -3.10323e-16
vehicle 1.92261898518 9.51872444153 -0.546234190464 6.32343 2.30914 2.55906 -3.124817
vehicle 17.9340362549 12.4475078583 -0.547969698906 4.35618 1.85341 1.73865 3.126406
vehicle 19.2955608368 18.6315250397 -0.755291581154 4.11495 1.64774 1.51708 -3.095176
vehicle 42.9323120117 10.0695514679 0.167373627424 3.81411 1.99311 1.38684 3.141592
vehicle 32.797454834 9.80248165131 -0.0203118436038 3.78232 1.75594 1.16162 3.141592
dontCare 30.2099456787 9.80772781372 -0.619321525097 0.931208 1.47863 0.395855 8.362673e-16
vehicle 28.3960857391 14.3498935699 -0.357867538929 4.09492 1.73965 1.40708 3.140487
vehicle 26.6685905457 19.1181240082 0.0307064801455 4.63562 1.66385 1.40381 -3.101382
vehicle 38.2109985352 13.3011102676 0.0790383666754 3.53168 1.33156 1.47499 3.084672
vehicle 38.8307380676 17.2699966431 -0.182622626424 2.27658 0.360956 1.07161 -2.893368
cyclist 17.6422958374 34.6808776855 -1.08706486225 1.32385 0.416479 1.45644 0.0
vehicle -21.0659942627 15.6131429672 -1.20847225189 3.88975 1.76409 1.87231 3.141592
vehicle -25.0773830414 12.7249774933 -1.35559177399 4.11398 1.8318 1.43921 3.141592
vehicle -25.924829483 8.92627716064 -1.18193292618 4.39506 1.95793 1.71716 3.141592
vehicle -34.3909378052 19.3327102661 -1.46044111252 3.25078 1.55283 1.79963 3.141592
vehicle -40.8893013 8.7341375351 -1.36790680885 4.09033 1.83706 1.48773 -3.125126
vehicle -0.881198763847 14.96276474 -1.08900117874 3.22282 0.918401 1.34492 -3.141467
