cyclist -52.7957954407 -26.0643634796 -2.06233763695 1.61722 0.714733 0.86236 -1.545755
pedestrian -50.9709739685 -23.4073696136 -1.97847545147 0.622144 0.84446 1.42286 -1.545755
cyclist -51.5998306274 -21.1448421478 -2.28597426414 2.284 0.484178 1.48558 -0.9334666
cyclist -45.8445892334 -27.7627391815 -2.04646134377 1.58211 0.626078 1.14313 -1.79637
cyclist -41.3859825134 -27.4142932892 -1.74495267868 1.43267 0.523054 1.28396 -0.7780402
vehicle -42.6568450928 -8.12747859955 -2.56843876839 3.92474 1.80823 1.19375 -0.3064478
cyclist -52.2775344849 13.2186794281 -3.51222610474 1.15263 0.404626 1.36649 -2.642263
pedestrian -37.9133644104 19.499458313 -2.75650858879 0.589884 0.487907 1.63492 -2.642259
cyclist -32.5014724731 9.606590271 -2.34347319603 1.84096 0.700413 1.31649 -1.813053
cyclist -27.1402626038 15.7103357315 -2.24407339096 1.21699 0.649674 1.4069 -1.943611
vehicle -22.8084754944 44.7372970581 -1.33682072163 6.16034 2.34056 1.56198 -1.884939
vehicle 6.70817232132 59.7901954651 -1.35793983936 3.73494 1.1889 1.11317 -1.884905
vehicle 4.43705511093 52.843547821 -1.35090827942 4.31958 2.16846 1.37229 -1.897235
vehicle -1.82814967632 53.0781211853 -1.13897955418 1.13977 0.948141 0.433941 -1.897235
vehicle -0.253453463316 48.49243927 -1.12276446819 2.0216 1.80834 0.618679 -1.897235
vehicle 1.89791238308 45.3847999573 -1.33813095093 3.74531 1.26362 1.5876 -1.897235
vehicle -0.683410167694 39.0204544067 -1.52083933353 4.21527 1.4668 1.34448 -1.897235
vehicle -2.61508131027 32.8306541443 -1.38255143166 3.78782 1.68269 1.79917 -1.897235
vehicle -4.69300127029 26.4473400116 -1.25690233707 5.29114 2.0647 2.09293 -1.884333
vehicle -7.2924580574 27.0976600647 -1.72450101376 1.48781 1.15771 1.32517 -1.884333
vehicle -7.43726491928 19.3249397278 -1.19709980488 5.10794 1.8699 2.21393 -1.884333
vehicle -9.31895160675 12.3075037003 -1.48272538185 4.70969 1.71128 1.48254 -1.884333
vehicle -10.3346834183 20.1687011719 -1.90551578999 0.507604 0.650283 0.570256 -1.884333
vehicle -10.982670784 17.2620105743 -1.2796305418 1.5208 0.435374 0.482904 -1.884333
vehicle -14.9209775925 16.2426624298 -0.797052800655 11.0155 3.02749 3.52304 -1.884333
cyclist 7.60369253159 -6.78767061234 -0.498486220837 1.84791 0.702575 1.57766 -3.005785
cyclist 21.92045784 -5.70710992813 0.0579795539379 1.63157 0.697645 1.53496 1.351269
pedestrian 29.8772964478 -19.0970020294 0.604088544846 0.525776 0.578606 1.57594 1.351269
vehicle 24.3713798523 -27.5197734833 0.75169634819 4.2755 2.08206 1.89147 2.783198
vehicle -20.2071247101 -23.3314399719 -0.96287715435 4.32884 1.81367 1.46189 -2.529236
vehicle -19.6858615875 -41.2833442688 0.0416464284062 3.99726 1.71956 1.96362 -2.581329
vehicle -26.1721954346 -46.2344322205 0.0392976775765 3.98493 1.80635 1.7033 -2.311643
vehicle -2.71240258217 -31.7941436768 0.00607018033043 3.67231 1.71347 1.57218 -0.2674358
vehicle -9.0306892395 -28.7274665833 -0.239589989185 2.12169 0.872071 1.3305 2.882707
vehicle -4.88867807388 -26.0227851868 -0.253855526447 4.44901 1.90518 1.64132 -0.4937444
vehicle -8.98141384125 -22.3529777527 -0.61306655407 4.0953 1.92511 1.43509 -3.111555
vehicle 16.1837482452 -49.6151046753 1.06358015537 3.6677 0.869397 1.31195 0.7004384
vehicle 13.6481266022 -52.2389068604 0.911913692951 3.23264 1.51762 1.03363 -0.1628834
vehicle 12.6533479691 -54.4223022461 0.941283643246 1.13325 0.630072 1.02392 -0.1051286
cyclist 8.36393642426 -51.2321166992 0.781054615974 1.16078 0.518935 1.20593 1.291381
cyclist 10.280122757 -50.8749656677 0.572067201138 1.0086 1.0694 1.62278 1.291381
dontCare 8.25482082367 -53.5812911987 0.63428491354 0.163109 0.226922 0.395443 1.291381
vehicle -1.73585522175 -49.6238861084 0.746808648109 2.5083 1.2584 0.687105 1.238927
vehicle -6.9721827507 -51.5892944336 1.62707066536 11.4699 2.71615 2.92143 1.238926
vehicle 1.29237174988 -30.4003772736 -0.0999669879675 4.31559 1.6955 1.40351 -0.3326095
vehicle 4.13325166702 -35.5847892761 0.168976917863 2.92444 0.798983 1.3504 -2.980132
vehicle 16.4294586182 -34.6084327698 0.455821722746 4.89886 1.80265 1.2267 3.129847
vehicle -8.74272155762 33.7355422974 -1.05873930454 1.21347 0.330866 0.250197 -0.2060777
