vehicle -38.519569397 -5.80275011063 -1.32462382317 3.87728 1.36764 1.47615 0.02440867
vehicle -29.944519043 -5.75289154053 -1.21157050133 3.70905 1.46727 1.62827 0.0
vehicle -29.8350906372 -9.4985408783 -1.00327336788 1.50157 0.516924 0.772272 -0.003114448
vehicle -26.3523311615 -11.734290123 -0.46469938755 2.87427 1.53133 0.515627 0.03221719
vehicle -23.0623912811 -8.6242351532 -0.969314754009 2.5937 1.53107 1.43155 0.02373097
vehicle -20.390203476 -5.40822172165 -1.06846523285 4.5517 2.11484 1.74758 0.006021508
vehicle -13.7857923508 -11.571849823 -0.611783325672 2.64352 1.45253 0.987051 0.02640717
vehicle -12.6602115631 -5.6087012291 -1.03088915348 3.93009 1.82859 1.66042 0.02171655
vehicle -14.0342702866 -8.42745876312 -0.964383065701 3.82061 2.05685 1.55269 0.06847756
vehicle -5.83639287949 -5.81204223633 -1.00365233421 4.82748 2.07476 1.47128 0.02763273
vehicle -6.39365005493 -8.37120628357 -0.731549203396 4.58238 2.05366 1.76029 0.04199455
vehicle -4.58705234528 -11.2255916595 -0.963134169579 3.44827 1.80832 1.3944 0.01677188
vehicle 2.56229615211 -11.4283018112 -0.606809139252 3.17845 2.11829 1.41017 0.01997634
vehicle 0.584823071957 -5.30260848999 -0.773712277412 3.89211 1.86647 1.7536 -1.138688e-16
vehicle 2.04557228088 -8.13710975647 -0.528376460075 2.52829 1.0833 1.06386 -0.002391102
vehicle 5.38729333878 -8.22872257233 -0.741895675659 2.28035 1.89535 1.51072 0.04140785
vehicle 7.21372509003 -5.09499979019 -0.458424150944 5.14029 1.98097 2.08574 0.018777
vehicle 14.7774944305 -5.41929244995 -0.115584805608 4.74738 2.04771 2.23053 0.01387714
vehicle 21.7087249756 -4.74390220642 -0.204327717423 4.29144 1.72582 1.5257 0.01276936
vehicle 18.2116317749 -11.0958023071 0.575480043888 6.78057 2.44847 1.65822 0.009631624
vehicle 17.3830242157 -8.96193504333 -0.28650033474 0.301459 0.581992 0.232315 0.0
vehicle -1.23140513897 16.9796962738 -1.22390210629 4.38728 2.2898 1.46623 -3.139597
cyclist 29.0311851501 30.6858177185 -0.439922481775 1.63745 0.648736 1.5492 3.134311
vehicle 31.3905506134 7.05550670624 0.172059819102 4.23982 1.81093 1.03737 2.591963
vehicle 59.401222229 -1.42958378792 0.987693250179 3.93385 1.54715 0.721532 2.381753
vehicle -3.2815527916 -28.2768211365 0.411874860525 8.92787 2.60539 2.30651 -1.966925e-16
vehicle 7.01879692078 -28.4612140656 0.200236737728 8.62128 2.25844 3.13489 -0.04538669
cyclist 24.7856559753 -33.7972259521 0.443789422512 0.956105 0.606487 1.27396 -0.6630992
vehicle 60.5719070435 4.46585655212 1.00832402706 4.34012 1.02976 0.745117 -1.783827
vehicle 38.8900184631 43.8761367798 -0.495442330837 2.53831 0.687652 1.12671 -1.530059
