vehicle 27.8460922241 8.74571704865 -1.43704128265 3.5207 1.6412 1.15565 3.121471
vehicle 32.8681259155 12.1930322647 -1.12882435322 4.02435 1.88159 1.55139 -3.125717
vehicle 27.7665309906 12.4670009613 -1.27518188953 4.07365 1.90355 1.4338 -3.121416
vehicle 28.0652809143 17.2520236969 -1.23298323154 3.51534 1.52551 1.20616 3.121164
vehicle 32.6623535156 20.6170883179 -0.919252634048 1.87378 1.21038 0.765479 -3.123088
vehicle 28.7872085571 23.2200717926 -0.664955496788 1.40295 1.1885 0.334538 3.12585
vehicle 28.570810318 26.5045509338 -0.721398293972 1.85512 0.483751 0.306647 -3.030206
vehicle 21.9622211456 27.7994709015 -0.902974545956 3.8814 1.39514 1.66117 -1.575401
vehicle 26.0756530762 36.956035614 -1.13918292522 1.29872 1.60363 0.97327 0.1089082
vehicle 10.9445047379 20.3787403107 -0.902540266514 4.64317 1.90604 1.60785 3.12552
vehicle 16.1767807007 17.1707458496 -0.353238642216 3.85594 1.4797 0.774158 -3.076427
vehicle 10.626502037 12.3646917343 -1.12318277359 3.66865 1.76734 1.49809 -3.075911
vehicle 10.6760063171 9.30171108246 -0.988441884518 4.416 1.78053 1.7153 3.129427
vehicle 16.3967609406 9.36520195007 -1.25765991211 4.78623 1.98127 1.37043 3.135197
vehicle 0.66039276123 17.8630390167 -0.577852606773 3.02146 1.65598 1.12041 3.115954
vehicle -6.23290205002 12.1063461304 -0.723722219467 3.44075 1.72318 1.42992 3.074806
vehicle -0.044314801693 12.0010328293 -0.801467299461 3.09759 1.21412 1.22389 2.979002
vehicle -1.20699036121 9.12764835358 -0.904966771603 4.42097 1.81286 1.53351 -3.068501
vehicle -6.09939289093 22.2877502441 -0.665711700916 4.70349 1.58619 1.43364 3.03122
vehicle -4.63361740112 27.224937439 -0.513990879059 2.35553 1.37593 1.04366 3.087235
vehicle -4.08752012253 39.7777442932 -0.617221951485 2.0589 0.867017 1.02056 -3.124073
vehicle -3.07437705994 42.4636459351 -0.55182826519 0.770989 0.735294 0.843686 2.899634
vehicle -0.18443980813 46.7541007996 -0.499503731728 3.95908 1.07327 1.25469 -3.110588
vehicle 10.8031291962 51.9220504761 -0.582794249058 3.00226 0.834367 1.38467 -3.118358
vehicle 10.5168008804 46.2950057983 -0.802817642689 1.38492 0.656257 0.588612 3.084508
vehicle 11.716594696 43.1475715637 -0.709406793118 4.45182 1.5392 1.12332 3.124229
vehicle -24.4097309113 21.6387805939 0.0329380780458 1.66985 0.377663 1.04842 -3.045142
vehicle -40.1737251282 28.5934352875 0.501652657986 3.17635 0.685066 1.56508 -3.085699
vehicle -0.755599737167 52.437713623 0.0496509447694 3.33004 0.218729 0.686925 3.125006
vehicle -2.50892734528 49.264465332 -0.964586913586 0.513971 0.441903 0.3528 -3.094022
vehicle 11.1249914169 56.9840049744 -0.46497875452 5.27573 1.18078 1.10783 3.128989
vehicle -4.53406953812 -5.87970781326 -0.530277132988 4.57273 1.78185 2.04866 -1.598914
vehicle -10.9304218292 -4.78102064133 -0.357287406921 3.12349 1.2362 1.83412 -1.962091
pedestrian -5.49276018143 -2.21345329285 -0.313818991184 0.592351 0.456982 1.0358 -1.366535
pedestrian -4.5825510025 0.698892652988 -0.0316077619791 0.624187 0.532732 0.605625 -2.179858
vehicle 11.0446128845 29.3654747009 -0.896218240261 4.38498 1.75005 1.33552 -3.062573
