vehicle -8.44704723358 6.07852840424 -0.465957194567 4.42566 1.82724 2.51372 -1.927903
vehicle -1.33008623123 16.2269020081 -1.12469911575 4.73856 1.97016 1.52602 3.112273
vehicle -30.2522525787 1.57662367821 -0.920847535133 3.78765 1.47967 1.76172 -2.142518
vehicle -37.7103309631 6.35333490372 -0.993525803089 5.15103 1.99173 1.73689 0.4964536
vehicle -29.8791313171 12.4365730286 -1.19228112698 4.45133 1.68616 1.48443 0.9148327
vehicle -23.5728340149 27.9122028351 -1.59294879436 4.38585 1.91902 1.72422 1.276413
vehicle -32.5966491699 18.0545864105 -1.47068035603 3.66327 0.908416 1.37844 1.001428
vehicle -42.0184059143 11.5560598373 -1.12304067612 4.68427 1.71951 1.86342 0.7146935
vehicle -25.6460933685 -43.4114723206 0.820597052574 8.52838 3.04305 3.48524 1.60942
vehicle -26.2706871033 -33.5137443542 -0.72777056694 4.34541 1.76578 1.12841 1.589503
vehicle -29.9456863403 -42.3303794861 0.634793519974 2.50868 2.96643 3.33145 1.51041
vehicle -42.2230300903 -36.9921455383 -0.664379715919 3.92422 1.57095 1.53357 1.628701
vehicle -28.4817905426 -56.8666343689 0.799455225468 8.67043 2.90387 3.57815 1.598915
vehicle -26.6063842773 39.9152755737 -1.99576222897 3.90133 1.66645 1.43114 1.489853
vehicle -55.2642745972 23.0313587189 -0.599067151546 11.4384 2.7326 3.06139 0.2234593
cyclist -24.0403194427 15.0981616974 -1.09483957291 0.89882 1.11889 1.456 -1.261222
pedestrian -52.5567626953 -19.682346344 -0.982320964336 0.532132 0.349003 1.35191 1.864537
vehicle -32.2625160217 -32.0626869202 -0.341441959143 1.39432 1.80536 1.93619 1.532542
vehicle -0.332853376865 -23.1061344147 0.120121911168 8.047 2.93563 2.76448 -3.10873
vehicle 2.63652062416 38.3510665894 -0.720639705658 2.51797 1.0472 1.16464 -0.1413875
vehicle 25.4468307495 39.4975395203 -0.323793441057 8.8168 2.43804 2.94659 -3.114039
vehicle -29.0733470917 -35.5632820129 0.444024682045 9.64145 2.93515 3.63452 1.586389
vehicle -54.2657928467 -7.02745914459 -1.25754678249 1.91526 1.62843 0.690308 -0.05159919
vehicle -54.6674003601 -4.29202651978 -1.2679810524 1.28941 1.50267 0.684098 -0.05159919
vehicle 15.1249570847 40.0493049622 0.147898450494 8.62352 2.62265 1.87149 -0.07913452
vehicle -36.3062324524 -10.3753595352 -0.507469296455 5.94906 2.32301 2.20074 -2.003753
vehicle -29.9589443207 51.7120552063 -2.7142124176 3.78035 1.19843 0.594727 1.66061
vehicle -59.9765434265 -6.40133619308 -1.41702544689 0.753487 0.566362 0.762945 0.06262697
dontCare -51.075428009 -30.9138851166 -0.576244354248 0.21515 0.570582 0.42045 0.8664381
vehicle -57.9228591919 -1.31877827644 -1.54359781742 0.347373 0.558019 0.361707 -0.1027403
