vehicle -39.337146759 -23.6900272369 1.13325786591 4.61644 1.71631 1.76327 1.71447
vehicle -43.3305892944 -30.3232288361 1.60402834415 2.15695 0.430924 1.3234 1.71447
vehicle -46.6948432922 -9.12468147278 1.43749535084 5.06145 1.39594 1.72528 1.736362
pedestrian -26.8208141327 -16.8300609589 0.534715771675 0.458623 0.513046 1.42069 0.240413
cyclist -24.2139816284 -18.3901958466 0.240368202329 1.48172 0.61859 1.51839 -0.2361554
cyclist -18.8255157471 -15.3296756744 -0.0515745691955 1.52148 0.717973 1.55329 -0.01567297
vehicle -17.7938175201 -17.261844635 0.22684712708 2.85287 1.33796 2.15943 0.2742314
vehicle -11.6150016785 -15.4958372116 -0.146414324641 4.08963 1.75849 1.99301 -0.4358125
cyclist -8.40943622589 -16.3281097412 -0.666218161583 1.9637 0.473596 0.998746 -1.144014
vehicle -0.775479853153 -17.3197021484 -0.20002605021 4.09602 2.28756 2.54262 1.459265
cyclist -0.509133219719 -14.0591926575 -0.863451957703 1.69427 0.484566 1.09371 3.012044
pedestrian -6.30565929413 -6.08865261078 -0.538855552673 0.700974 0.514171 1.70054 -3.034153
cyclist 28.3957481384 -17.0723342896 -1.66028499603 1.72122 0.688531 0.838671 0.1909474
cyclist 4.91020536423 -19.4642543793 -1.07789003849 1.54714 0.50701 0.823312 2.387115
vehicle 47.7421607971 16.6754055023 -1.11325991154 3.5278 1.3763 0.734709 3.038953
vehicle 41.8227386475 17.1945648193 -1.25459456444 2.58076 1.42295 0.603551 3.04705
vehicle 34.3597183228 17.8244457245 -1.1290678978 3.915 1.77537 0.705286 3.080339
vehicle 25.6051864624 18.6480712891 -0.728270411491 9.17233 2.52488 2.51762 3.080339
vehicle 21.8097667694 21.8542575836 -1.29440140724 2.6264 1.7142 1.41562 3.080339
vehicle 24.1136875153 26.9655094147 -1.38661849499 2.14945 1.53159 1.34047 3.080339
vehicle 20.5462799072 23.9658794403 -1.26097798347 0.894432 0.462113 1.35549 3.080339
vehicle 17.5623416901 27.2926616669 -0.916717231274 1.74529 1.08847 0.623612 3.080339
vehicle 16.201505661 22.1897239685 -1.19762766361 4.14212 1.81671 1.46796 3.080339
vehicle -3.23003053665 47.6895484924 -0.340909600258 2.94032 1.46483 1.52435 -1.52565
vehicle -1.12265193462 34.8242149353 -0.691954553127 5.41876 1.95358 1.71788 -1.393786
vehicle -8.05508327484 41.4634246826 -0.535605609417 2.36664 1.41378 1.36041 -1.691674
vehicle -12.4812040329 50.8257751465 0.196653470397 3.05499 1.36969 0.468033 -1.691674
vehicle -5.18804836273 20.4185447693 -0.611021220684 4.18817 1.96887 1.3552 -1.128058
vehicle 3.90414237976 21.5784244537 -0.781925857067 2.78243 0.939356 1.39786 -1.112604
vehicle 4.67990207672 11.244726181 -0.617966771126 5.19955 1.82916 1.98784 -0.8638839
cyclist -0.693401753902 7.51342535019 -0.657399058342 1.55004 0.765698 1.69114 -2.474136
vehicle 11.7079267502 6.46613693237 -1.05393612385 4.47152 1.64106 1.45817 -0.4673324
vehicle 27.4504146576 5.17182207108 -1.33371162415 4.56396 1.90899 1.43938 -0.1023233
vehicle 35.7185401917 -1.6258354187 -1.34923994541 4.3198 1.69107 1.70535 -0.1023233
cyclist -25.6501522064 13.3353233337 0.386760950089 1.51353 0.782928 1.30154 -2.021428
pedestrian -31.5957298279 39.2706375122 0.599768936634 0.603229 0.425534 1.62045 0.4380528
cyclist -33.9839706421 32.8759918213 0.729319274426 1.68098 0.570021 1.19086 0.7789054
cyclist -54.557926178 13.3494634628 1.59716439247 1.501 0.529025 1.02541 0.9137207
vehicle -55.1865196228 -25.3178043365 1.40717709064 3.31457 1.01833 0.705355 -1.823297
cyclist -25.833026886 42.8857192993 -0.00820708274841 1.43077 0.631231 1.04619 0.6563293
cyclist 15.3897848129 -20.5033283234 -1.26085364819 1.27847 0.403587 0.708679 3.044344
vehicle 24.5832061768 24.6236114502 -0.904351532459 0.829509 0.83229 0.462991 3.068677
vehicle -31.5363731384 -32.5432929993 0.530617594719 0.320688 2.26398 1.24144 3.095777
dontCare 21.2350521088 -18.3367900848 -1.64334976673 0.310798 0.313253 0.598243 3.014003
dontCare 21.2834510803 -16.8882045746 -1.7460770607 0.305302 0.210846 0.5826 3.01941
vehicle 32.0247688293 48.2979507446 1.74784421921 1.98001 0.668129 2.90143 0.8822039
