vehicle -1.82669043541 -10.9058876038 -0.533419549465 2.86413 1.66191 0.893434 -1.100139
vehicle -0.406614542007 -7.2041478157 -0.928339958191 4.12546 1.91058 1.57388 -1.12334
vehicle 2.01668381691 -12.3503551483 -0.921558797359 4.84629 1.79478 1.56418 -1.136025
vehicle 8.16946697235 -12.7650785446 -0.986561059952 5.10625 1.96323 1.5179 1.636802
vehicle 2.24080729485 9.60252380371 -0.503306865692 6.14372 2.20028 2.35062 1.914578
vehicle -13.0308904648 43.9476661682 1.00520694256 3.88106 1.60556 0.890556 1.964004
pedestrian -13.3283510208 56.181438446 0.406421273947 0.478555 0.660564 1.52484 1.933701
vehicle 25.4333343506 -20.9816570282 -0.872319459915 3.75982 1.69437 1.23916 -2.753154
vehicle 31.3872184753 -18.7248401642 -1.18732881546 4.02711 1.55999 0.91443 -2.769333
vehicle 25.1254425049 -24.5615997314 -0.943027615547 3.75147 1.61384 1.76593 -2.735249
vehicle 32.3328514099 -21.5511951447 -1.15998578072 2.43664 1.56384 1.25545 -2.772366
vehicle 45.5197143555 -15.5455656052 -1.77579271793 3.94073 1.32106 0.493603 -2.728684
vehicle 44.8211364746 -21.8831138611 -1.44155883789 4.26593 1.59555 1.40046 -2.798951
vehicle -0.756784319878 -56.0897941589 -0.299211889505 4.24873 1.76365 1.44958 0.414938
vehicle 1.80601358414 -57.653503418 -0.465506464243 1.73638 1.20499 1.10746 0.4101739
vehicle 3.72991847992 -60.2178573608 -0.138784334064 3.78682 1.67004 1.87303 0.413545
dontCare 27.0288600922 -42.3226051331 -0.535588145256 0.534612 0.52681 0.600691 -2.838295
vehicle -22.5209846497 -11.7091903687 0.423239260912 2.88216 1.26988 2.1758 2.39345
vehicle 50.7772789001 -17.0636825562 -0.238740727305 9.44942 3.27784 3.95022 -2.777843
vehicle 36.3968582153 6.53914833069 -0.890050411224 4.00343 1.20842 2.0996 -1.122808
