vehicle 0.869682908058 15.4913244247 -1.02259933949 4.52033 1.72744 1.37966 -2.986018
vehicle -1.78269386292 17.5533294678 -1.07940983772 4.84711 1.10319 1.46427 -2.933184
vehicle -2.10823607445 20.742609024 -0.490758091211 4.54113 1.96559 1.03952 -3.012035
vehicle -4.94319343567 23.0742034912 -1.14508473873 3.25798 1.79336 1.75649 -2.884047
vehicle 5.38069248199 19.0957660675 -0.993326246738 4.00998 1.6171 1.42611 -2.956463
vehicle 4.44112730026 22.0466327667 -0.61298596859 0.323232 1.4922 0.188462 -2.991208
vehicle 10.4597053528 25.6626091003 -0.76116669178 3.45672 1.60315 1.87498 -2.971065
vehicle 16.4053287506 26.7991771698 -0.0865546762943 1.30967 1.58312 0.766317 -3.067599
vehicle 8.98980331421 42.7443351746 0.145755723119 8.28535 1.54447 1.43035 -3.024117
vehicle 19.497341156 44.2015075684 0.264922738075 8.89503 1.77784 1.81424 -2.972483
vehicle 47.3177642822 27.7657680511 -0.00492198299617 4.42788 1.87006 1.46014 -3.026988
vehicle -25.6507797241 -23.7509593964 -0.83512365818 4.34497 1.81911 1.53424 1.707735
vehicle -49.9811630249 2.19618916512 -1.19679796696 4.04108 1.71865 1.30438 2.57232
cyclist -47.9732551575 24.3888244629 -1.7762029171 1.2067 0.417423 1.05557 1.751092
cyclist -49.3885154724 30.6032981873 -1.78572106361 1.3346 0.52245 1.47079 1.544974
vehicle -39.624961853 29.9098415375 -1.8282943964 3.75889 1.64042 1.38079 -1.738513
vehicle -24.4071407318 34.4793434143 -0.738176226616 9.00238 3.0013 3.42018 2.335512
vehicle -53.4889373779 -15.5193080902 -0.975220382214 3.65506 1.9278 1.38043 0.1595047
vehicle -54.9361190796 -13.1489152908 -1.16734457016 1.64164 1.78877 0.961539 0.2229478
vehicle -54.456199646 -10.469537735 -1.12719917297 2.62756 1.60025 0.94559 0.1690178
vehicle -54.7248840332 -7.8481965065 -0.962280631065 2.08694 1.916 1.25927 0.1195407
vehicle -49.3047485352 -32.7511787415 -0.865044057369 3.15434 1.3853 1.13679 1.876337
vehicle -45.5740585327 -33.914730072 -0.616633355618 3.10962 0.791884 1.48226 -0.3519135
cyclist -46.6535415649 -31.9262580872 -0.830500006676 0.971362 0.224389 1.03758 1.952724
vehicle 11.5662126541 22.8141899109 -0.934377551079 3.95187 1.97616 1.55748 -2.992911
vehicle 15.2001247406 20.9054470062 -0.363192021847 5.25806 2.08275 2.27238 -2.962479
vehicle 3.87361216545 24.6669921875 -0.62596642971 1.74642 1.08696 0.367017 -2.9918
cyclist -9.29997634888 38.4355812073 -1.2928031683 0.965624 0.395553 0.795405 -2.958366
vehicle -39.5671043396 42.8354873657 -1.23550486565 12.1729 3.09317 3.29886 -1.382349
vehicle -32.2492866516 -50.732875824 0.244184136391 1.3616 0.514792 0.338812 -1.480293
vehicle -43.2871360779 37.7768058777 -1.9660063982 2.82661 0.720436 1.22355 -0.1300902
