vehicle -43.9443893433 21.5612926483 0.477772831917 3.49128 1.6235 1.02854 3.141592
vehicle -43.7676849365 18.1371231079 1.0336894989 3.20834 2.08181 1.50841 3.141592
vehicle -44.1529388428 14.8748826981 1.14195227623 4.59063 1.83909 1.26816 3.141592
vehicle -15.1641454697 22.5744953156 -0.216885119677 7.19784 2.08457 2.46323 3.141592
vehicle -23.0719833374 14.8854751587 0.085760191083 3.49482 1.6903 1.13472 -3.085645
vehicle -21.9830570221 18.7068862915 -0.176613584161 3.99189 1.64289 1.31291 -3.099498
vehicle -7.74888086319 18.7250556946 -0.442749768496 4.37423 2.25883 1.67444 -3.121143
vehicle -2.66636395454 21.6407852173 -0.837468743324 5.55359 1.67902 1.22983 -3.080065
vehicle 0.926014661789 15.9110536575 -0.655607104301 5.15871 2.28273 0.986316 -3.111464
vehicle 16.3292961121 22.7167377472 -1.24004030228 4.33141 1.76959 1.54327 -3.088184
vehicle 18.1865634918 19.5484485626 -1.27267253399 2.56762 1.72764 1.32352 3.141592
vehicle 17.5905647278 16.0851726532 -1.1657538414 3.88337 1.72712 1.58276 3.141592
vehicle 29.6675949097 22.9448432922 -1.4897121191 3.0535 1.36388 1.47766 3.141592
vehicle 42.0828285217 19.3483047485 -1.32338440418 4.36282 1.73991 1.71827 3.141592
vehicle 39.6591949463 15.9258813858 -1.20576107502 4.18667 1.67157 1.57223 3.141592
vehicle -29.8740520477 2.22856521606 0.254121363163 3.85695 1.98513 1.57751 0.0
vehicle -19.8838348389 -1.23584032059 -0.0480017066002 3.62323 2.01668 1.77087 0.0
cyclist -8.3749961853 -3.15492296219 -0.528582692146 2.28386 0.86436 1.70094 0.0
vehicle 15.81919384 -3.13479852676 -0.813861131668 4.0743 1.89667 2.04156 0.02027825
vehicle 58.8032264709 0.648794770241 -1.70671093464 0.99732 1.54856 0.773009 0.0
pedestrian -47.0206832886 -9.05207157135 1.04150223732 0.4564 0.856502 1.50954 0.0
