vehicle -4.79525375366 39.5018997192 0.600425541401 8.32497 4.07605 3.1675 -2.051835
cyclist -7.17652225494 35.3652229309 -0.33077275753 1.68928 0.545488 1.37854 2.673529
cyclist -3.34240460396 36.1643218994 -0.552950203419 0.993403 0.438644 0.984653 2.554593
vehicle -0.357612103224 26.842672348 -0.550789833069 4.39873 1.69921 1.4145 -2.993726
cyclist 2.7148373127 25.2018146515 -0.573760926723 1.33656 0.628801 1.45885 -2.196608
pedestrian 4.19302129745 26.7217559814 -0.463072955608 0.631346 0.591339 1.56119 -2.360331
vehicle -37.5496139526 8.21933174133 -0.856195449829 1.2792 1.88701 0.542503 -0.2807642
cyclist -41.2969398499 -2.69839859009 -0.779532909393 1.21185 0.653736 1.28323 -2.705703
vehicle -30.3623733521 -24.1996612549 -1.20142674446 3.73697 1.80616 1.41833 1.063887
vehicle -26.4516334534 -23.386089325 -1.2737891674 4.01077 1.84495 1.2905 1.063887
vehicle -33.7946510315 -30.2479133606 -0.404532343149 2.12085 1.5995 0.638658 1.063887
vehicle -20.788772583 -28.0219707489 -1.18591654301 4.13434 1.79525 1.93263 1.011851
vehicle -24.4309711456 -29.3170719147 -1.56681120396 3.7607 0.32107 0.979786 1.021717
pedestrian -19.6929531097 -20.1634082794 -1.17119443417 0.431914 0.482289 1.43953 0.6934102
pedestrian -18.052532196 -23.2902812958 -1.21927964687 0.396574 0.718086 1.47775 0.6934109
vehicle 1.68269431591 -22.8263683319 -0.925070106983 3.01302 1.15771 1.73494 0.5316103
vehicle 36.4771575928 -38.0776748657 -0.150213927031 5.71438 2.28905 2.38448 -0.5093395
vehicle -21.8619098663 6.56042098999 -0.00921900290996 2.25011 2.8032 2.83226 -0.3932651
vehicle -42.3916549683 7.78182458878 -0.487630099058 3.18915 1.76535 1.62476 -0.4229639
vehicle -38.4159736633 -17.6046867371 -1.04026114941 4.05194 1.70909 1.3653 -1.934687
vehicle -6.44007587433 4.84791326523 -0.413563162088 8.60429 2.69009 2.43227 -0.03561604
vehicle -9.53294563293 0.519929111004 -0.446386545897 3.66327 2.06805 2.4298 -0.1685975
vehicle -1.06035733223 -4.04375362396 -0.948146760464 4.54478 2.07314 1.53187 -3.134385
vehicle 6.7148900032 5.15896463394 -0.412571191788 8.54181 2.94539 2.36045 0.07573617
vehicle 12.7957448959 1.02805995941 -0.735972225666 3.60566 1.75889 1.56688 0.05829069
cyclist 1.19965732098 -25.4837589264 -0.575170993805 0.391331 0.178455 0.322367 -0.3377952
vehicle 26.9732303619 -32.7887878418 -0.313506960869 5.87001 2.43455 2.42403 -0.5297071
vehicle -21.1341381073 -23.6046886444 -1.30073273182 3.70199 1.829 1.49896 0.745838
vehicle -30.4779491425 -35.9708442688 -1.02187764645 4.41053 1.99302 1.86893 1.037721
vehicle -29.9305877686 -29.0825119019 -1.09735894203 4.01927 1.70796 1.55223 1.025094
vehicle -32.9409675598 -40.9536132812 -1.68507289886 0.991587 0.252771 0.936016 -1.999721
