vehicle 16.4166927338 17.1996498108 -0.33073708415 3.33156 1.67881 0.737673 0.0
vehicle -4.25844860077 27.151184082 -0.521868884563 1.59183 1.18541 1.06341 3.141592
vehicle -3.35701656342 42.4411849976 -0.411638081074 1.47522 0.768308 1.10761 3.141592
dontCare -2.49499320984 49.1997375488 -0.835066735744 0.500294 0.398951 0.604668 0.0
vehicle 27.0632553101 33.1020469666 -1.30719971657 0.224792 1.11194 0.318426 1.524477e-15
vehicle 32.6384124756 20.5471534729 -0.909600973129 1.83011 1.24771 0.733032 3.141592
vehicle 10.1644306183 46.1098823547 -0.792721033096 1.00498 0.250587 0.561676 3.124311
vehicle 17.1893863678 52.0590019226 -0.602284371853 1.6276 0.202712 0.678423 -3.949971e-16
pedestrian -5.447245121 -2.21928572655 -0.318116337061 0.421163 0.492304 0.998122 0.0
vehicle 10.312330246 56.6463127136 -0.464739561081 3.53339 0.436555 1.0969 3.124544
vehicle 10.6920175552 52.2289886475 -0.577048540115 2.81381 1.63064 1.38336 -3.115743
vehicle -0.189186647534 46.7971763611 -0.36919388175 3.96086 0.710851 1.50596 -3.087072
vehicle -5.06584072113 39.694606781 -0.506255328655 4.01995 0.7206 1.27834 -3.118736
vehicle 11.6867904663 43.1837730408 -0.721452891827 4.47405 1.62227 1.11778 -3.133539
vehicle 10.9466218948 29.4011573792 -0.782039105892 4.16527 1.72292 1.50939 -3.066164
vehicle -6.07620859146 22.2929553986 -0.683946251869 4.6511 1.59891 1.47322 3.03839
vehicle 10.9558944702 20.421339035 -0.848985314369 4.66941 1.93327 1.78998 3.112649
vehicle 0.708849906921 17.8432006836 -0.57689678669 2.95822 1.60649 1.12304 3.125483
vehicle 10.6209430695 12.4048213959 -1.08481776714 3.67082 1.75088 1.43156 -3.076844
vehicle 10.6987524033 9.27021694183 -0.998946726322 4.44653 1.81852 1.74593 -3.125661
vehicle 16.3975162506 9.31202983856 -1.16802334785 4.86558 1.97903 1.60219 3.136661
vehicle -1.22145807743 9.10845947266 -0.909863054752 4.52366 1.80222 1.54176 -3.065439
vehicle 0.181315511465 12.1262559891 -0.791384756565 2.70865 1.4307 1.26229 2.990185
vehicle -6.22097969055 12.2670993805 -0.742202281952 3.41671 1.98353 1.47124 3.060151
vehicle 27.8105792999 8.81117343903 -1.46094250679 3.45612 1.55653 1.21931 3.11868
vehicle 32.9115219116 12.1731538773 -1.12139999866 3.94657 1.83433 1.65064 -3.023718
vehicle 27.8684062958 12.4351482391 -1.2929391861 4.34178 1.82765 1.44197 -3.107615
vehicle 28.0351772308 17.2249164581 -1.24703061581 3.44218 1.5714 1.22138 3.141592
vehicle 30.1249027252 26.5962810516 -0.500568449497 2.80054 0.517066 0.744516 -3.055625
vehicle 27.1973609924 36.7597312927 -1.0328758955 3.51269 1.53126 1.18318 0.03622939
vehicle -4.50275754929 -5.95142650604 -0.527818977833 4.72156 1.79 2.13968 -1.601968
vehicle -10.9235162735 -4.73498535156 -0.370510488749 3.0756 1.11965 1.85924 -1.987096
pedestrian -11.9051799774 5.95673418045 -0.384845167398 0.753797 0.591705 1.70664 -0.2053442
vehicle -24.4509010315 21.6591758728 0.101435743272 1.6639 0.311277 0.890743 0.130865
vehicle -40.0464897156 28.6059455872 0.487429350615 2.86179 0.57775 1.59591 0.09715059
vehicle -1.07006752491 52.6433639526 0.354333847761 2.66433 0.481314 0.694849 -3.068121
pedestrian -1.07501924038 1.13652336597 -0.0724043101072 0.655547 0.637031 0.798564 -1.55398
