vehicle -25.7387313843 9.16463470459 0.52913916111 3.33997 1.73654 0.901472 0.1128439
vehicle -19.6080932617 5.46012496948 0.413509219885 0.999392 1.02877 0.342375 0.1128439
vehicle -16.245847702 10.9782867432 0.454046607018 1.305 1.60755 0.64947 0.112731
vehicle -14.9200057983 2.72255921364 -0.0556904785335 5.12123 2.1083 2.08158 0.0146032
vehicle -10.0712442398 5.68208265305 -0.330892384052 4.27591 2.13555 1.83721 0.0146032
vehicle -11.1593942642 9.03176689148 -0.384590983391 3.34034 2.01103 1.5604 0.0146032
vehicle -7.58724069595 2.58041143417 -0.592626929283 3.90015 1.92715 1.65512 0.078643
vehicle -4.60895061493 -0.275391548872 -0.474022954702 1.97138 2.26274 2.01612 0.05538859
vehicle -0.135369628668 8.88248634338 -0.359496921301 12.0237 3.02017 2.38461 0.009276091
vehicle -3.04596924782 5.74611902237 -0.37320536375 6.29505 2.85405 1.94503 0.01978215
vehicle -1.81885826588 2.81849360466 -0.728862702847 4.44335 2.06792 1.51993 0.05141501
vehicle 4.1801815033 2.90236473083 -0.722927093506 4.35383 2.03708 1.94247 0.04928744
vehicle 6.91140270233 0.101857833564 -0.705466628075 3.50526 2.06405 2.05718 0.04928744
vehicle 3.30766248703 5.79403972626 -0.868650436401 2.36433 1.62206 1.49824 0.04928744
vehicle 9.89032363892 3.16284823418 -1.02894032001 4.10422 1.80401 1.47089 0.01649033
vehicle 10.5559968948 5.77508449554 -0.438985943794 3.69497 1.69646 1.33303 -0.007748398
vehicle 14.2116641998 0.158188074827 -0.609998464584 1.85918 1.54698 0.493572 -0.007748398
vehicle 17.7153663635 3.23908448219 -1.12111783028 4.54326 1.59573 1.42707 5.567747e-05
vehicle 17.3409996033 5.99607038498 -0.721037507057 2.19392 1.47769 0.739256 5.567747e-05
vehicle 22.7958278656 9.12793254852 -0.432161420584 4.65738 1.69736 1.5364 -0.006437337
vehicle 28.2500534058 0.385158210993 -0.37384968996 1.55205 1.22359 0.352373 -0.02546887
vehicle 27.9751167297 3.30127596855 -1.15253198147 3.83439 1.54223 1.70873 0.02983523
vehicle 28.7563819885 6.45309257507 -0.981702625751 2.60142 1.56078 0.908063 0.06055326
vehicle 30.6479358673 9.17910385132 -1.0386775732 3.13755 1.05906 0.926638 0.005668697
vehicle 40.575214386 3.48243761063 -1.38100624084 0.891764 0.732066 1.05052 0.02402957
vehicle 42.7044754028 12.2408800125 -1.24138236046 2.90316 1.46595 1.2433 0.04113986
vehicle 50.4037017822 4.01270341873 -0.995483279228 1.74184 1.47019 1.58737 0.08418767
vehicle 50.2093772888 12.8082971573 -1.64595794678 0.840886 1.06146 1.0226 0.002126597
pedestrian 41.3417892456 -5.1065955162 -0.906504690647 0.417605 0.577187 1.56549 -3.059753
pedestrian 42.7458000183 -4.6141242981 -1.17930245399 0.336925 0.274159 1.11775 -2.970527
dontCare 46.5346069336 -22.0275783539 -1.21453630924 2.07848 2.5627 2.00574 2.4684
vehicle 37.877986908 -21.9157009125 -0.835291206837 3.40856 0.837253 1.3689 0.9551919
vehicle 14.4318809509 12.3911552429 -0.122087717056 1.75391 1.21768 0.182914 -0.0006197061
vehicle 54.502910614 -8.57687187195 -1.58904349804 1.10004 1.20173 0.726943 -0.6661398
pedestrian -32.5710220337 32.495765686 0.382612615824 0.176695 0.481516 0.597703 2.967285
vehicle -54.3406982422 -24.6345901489 1.25193572044 2.98684 0.278546 1.04624 -0.7266279
