vehicle -54.2670783997 -14.4931106567 -1.36166119576 1.89718 1.39018 1.31036 0.005084201
vehicle -51.0947761536 14.0448980331 -1.38187360764 3.86601 2.36596 1.9254 -3.140712
vehicle 34.2897415161 25.5413570404 -0.220806404948 4.10773 1.87823 1.72813 -3.141593
vehicle -47.8360137939 26.5955867767 -1.96158826351 2.13168 1.59453 1.41352 -0.003602986
vehicle -55.0122261047 26.2791652679 -2.01932239532 4.00316 1.38055 1.2513 -3.112643
pedestrian -8.13423347473 30.2361564636 -1.18378520012 0.52145 0.407767 1.55248 -0.06605011
pedestrian -8.99514770508 30.1153755188 -0.842979609966 0.506072 0.38079 0.78818 -0.07513569
pedestrian 4.92869758606 31.1718387604 -0.946319580078 0.213168 0.635091 1.39734 0.0
pedestrian 6.82671356201 31.2502574921 -1.02645087242 0.547281 0.446924 1.22866 0.0
pedestrian 5.70782852173 32.3749885559 -0.877369344234 0.575445 0.385263 1.63297 0.0
pedestrian 4.17451000214 31.9228248596 -0.961069643497 0.674482 0.443157 1.40611 -2.064344e-15
vehicle -38.2793502808 -14.5221471786 -1.36900806427 3.54082 1.47616 0.875658 -0.005515538
vehicle -36.8975791931 -19.2658119202 -1.12618303299 4.04839 1.74971 1.35842 0.02599676
vehicle -31.7252960205 -19.2940979004 -1.08836245537 2.47705 1.49533 1.46126 0.004640148
vehicle -21.5200881958 -14.5005502701 -1.02314543724 4.09622 1.67821 1.41141 -0.005102979
vehicle -11.8363380432 -19.5542316437 -0.85710978508 4.8164 1.72669 1.47433 -0.003236037
vehicle 0.507037162781 -19.6440582275 -0.656569480896 4.61804 1.71586 1.44756 -0.02061781
vehicle 12.5925741196 -19.9004116058 -0.320568233728 4.32696 1.79765 1.55649 -0.02068075
vehicle 18.263961792 -20.2437477112 -0.190523386002 3.84451 1.84443 1.36109 -0.02584526
vehicle 24.855381012 -20.0979824066 0.079011105001 4.02685 1.76797 1.57825 -0.02267869
vehicle 35.7459106445 -20.1633167267 0.414238214493 2.3594 1.5413 1.25794 -0.01720405
vehicle 41.8873214722 -20.277261734 0.58000934124 3.12765 1.43308 1.14837 -0.01764398
vehicle 52.5043792725 25.3191833496 0.325970768929 3.93012 1.97102 1.52351 3.129589
vehicle 45.3079185486 24.6431541443 0.33221167326 3.59619 1.41333 1.883 3.117246
vehicle 40.0359191895 25.1033782959 -0.220284387469 4.11874 1.71697 1.21079 3.049921
vehicle 28.728723526 25.4305477142 -0.475372672081 4.36866 1.78437 1.67295 -3.135278
vehicle 23.4126968384 25.5973186493 -0.630719721317 4.3464 1.77986 1.60494 -3.067009
vehicle 17.1412982941 25.4423675537 -0.945178806782 4.67995 1.4261 1.44777 -3.12943
vehicle -2.10606408119 25.4816627502 -1.25918734074 3.95405 1.58994 1.64879 2.755056
vehicle -8.78612709045 24.489151001 -1.33454394341 4.38829 1.64558 1.77347 3.021849
vehicle -13.9270591736 26.1596183777 -1.56609094143 3.99482 1.80629 1.40397 3.120596
vehicle -19.7150821686 26.2205104828 -1.65038895607 4.33795 1.9301 1.37053 3.102423
vehicle -31.0888061523 26.046503067 -1.89551973343 4.24405 1.63249 1.27738 3.086737
vehicle -35.9201583862 26.6476287842 -1.89228129387 3.53468 1.49132 1.39448 -3.128815
vehicle -41.6580657959 26.2755832672 -1.86554324627 3.82852 1.816 1.48865 0.0147896
vehicle -32.7994155884 32.2047996521 -1.29342627525 5.54978 2.16485 2.11461 -0.06082097
vehicle -24.0550498962 32.0564804077 -1.03538620472 5.96868 2.5148 1.88897 3.113585
vehicle -17.9043712616 31.8540897369 -1.14191842079 4.8318 2.20319 1.65815 2.995307
pedestrian 32.8893013 31.6139831543 0.196670934558 0.291698 0.647359 0.931879 0.0
dontCare 43.7811203003 23.1831989288 -0.120100148022 0.808406 0.336633 0.970376 0.07595792
dontCare 0.0558075271547 26.8358078003 -1.64632689953 0.914624 0.295185 0.697756 -0.2330401
vehicle -54.5666122437 -19.0240688324 -1.25712561607 2.80745 1.45858 1.09746 -0.3252028
