cyclist -43.6522865295 -4.72935199738 0.719604372978 1.25591 0.737306 1.36212 -3.065771
vehicle -13.3182525635 1.93661975861 -0.202170848846 4.62041 1.9424 2.06488 -2.909527
pedestrian 11.7610664368 -35.2429695129 -1.86587452888 0.293807 0.630632 1.38878 -1.499902
pedestrian 10.9598617554 -36.2480354309 -1.77654719353 0.31849 0.669998 1.633 -1.583164
vehicle -3.7967209816 -22.5682754517 -0.448520183563 3.69417 1.72195 1.02535 -2.237908
vehicle -0.473858863115 -23.7377586365 -0.782667458057 3.59887 1.69172 0.550214 -2.680173
vehicle 10.6372852325 -17.1811103821 -1.44296491146 4.11311 1.77644 1.69226 -1.862025
vehicle 19.7255153656 -13.6836662292 -1.38004755974 2.99716 1.6466 1.78593 -0.3836219
vehicle 19.9044342041 -10.2933216095 -1.54740190506 2.40271 1.72276 1.24499 -0.4238342
vehicle 18.6496944427 -4.73695278168 -1.29420685768 1.52583 1.70199 1.33053 -0.2417965
vehicle -0.105972565711 -3.42772459984 -0.735474050045 5.17511 1.98164 1.65911 0.1101517
vehicle -9.79670238495 7.25890541077 -0.157883986831 5.55894 2.27019 2.06944 -0.4599308
vehicle -4.75142383575 13.6258735657 -0.361142814159 3.2072 1.58907 1.49018 2.585753
vehicle -2.44062304497 19.5637245178 0.0136922141537 3.31632 1.58494 1.97973 2.733632
vehicle 22.1332015991 -0.0677402168512 -0.970242083073 4.0144 1.88538 1.81145 0.5596102
vehicle 16.3882255554 8.88157749176 -0.570366382599 3.75685 1.76427 1.96847 0.3902865
vehicle 1.04546904564 26.9526081085 0.0789192765951 3.84372 1.58889 1.96624 1.670129
vehicle 6.09845638275 37.0926094055 -0.0774459093809 4.07605 1.94131 1.31593 -1.47879
vehicle -0.00959348678589 33.730682373 -0.227684900165 3.48591 0.568113 1.15583 -1.601639
vehicle 12.5217313766 29.8872451782 -0.366107344627 3.98083 1.88859 1.41319 1.694427
vehicle 15.7781867981 23.1240577698 -0.545395731926 4.09032 1.78349 1.41664 1.230919
vehicle 18.2546901703 22.4181861877 -0.560031533241 3.8418 1.80319 1.43958 1.170897
vehicle 20.8162708282 21.4655380249 -0.584892392159 3.37874 1.73893 1.48051 1.101755
vehicle 26.4334640503 7.23362922668 -1.08273124695 1.92299 1.34409 1.18423 0.2548631
vehicle 21.7989501953 10.5273208618 -0.940665066242 1.03014 0.186257 1.0864 -2.747185
vehicle -0.37464210391 47.961063385 1.03166913986 0.288336 1.279 1.49456 -1.415009
vehicle 16.8042640686 -21.1740283966 -1.57817482948 3.54218 1.63184 1.66993 -0.3186654
vehicle 17.6178913116 -18.2583465576 -1.60844624043 3.1808 1.65395 1.48052 -0.4429511
vehicle 18.3523349762 -15.4796152115 -1.53107464314 4.1033 1.68989 1.47671 -0.4011856
vehicle 19.6331691742 -7.53962993622 -1.35858118534 4.22238 1.74121 1.46532 -0.4881053
vehicle 18.4794025421 6.85173749924 -0.708254694939 4.07026 1.73481 1.83041 0.5931861
vehicle -7.96085786819 -7.49709510803 -0.728545963764 3.32578 1.61918 1.51837 -1.432947
vehicle -4.66449403763 -7.27606964111 -0.708933770657 3.9977 1.66947 1.10913 -1.298622
vehicle 1.13710212708 -7.43057012558 -0.362584978342 3.49406 1.63349 1.12621 -1.538431
vehicle -7.61918497086 9.56808280945 -0.4341609478 4.30201 1.8331 1.59098 2.685786
vehicle -6.2402586937 12.085062027 -0.341045588255 3.14586 1.79707 1.6216 2.524021
vehicle -3.15843462944 15.7746133804 -0.294947266579 2.46828 1.62265 1.59495 2.507695
vehicle 7.31353616714 26.6517791748 -0.381563663483 4.02733 1.87375 1.41991 -1.475466
vehicle 4.9774851799 44.9435272217 0.321538776159 4.04231 1.17771 1.22705 1.685873
pedestrian 31.4455718994 29.6168937683 -0.159148558974 0.344709 0.371979 1.0542 -0.9858978
vehicle 34.9762992859 22.198720932 -0.866406738758 0.684482 0.510161 0.566762 -0.9858978
vehicle 4.35349273682 50.4159164429 0.348686486483 0.98386 0.787592 0.685013 -1.490548
