vehicle -16.533996582 -0.508813858032 -0.342394262552 3.40886 2.04319 2.76602 0.0273296
vehicle -10.2683858871 3.14649438858 -0.934000909328 4.43351 2.07346 1.5301 0.01526895
vehicle 5.83621358871 2.91867232323 -0.77328646183 4.15598 1.85329 1.60914 0.007746053
vehicle 16.8164577484 -2.82493233681 -0.520048499107 4.91273 1.93478 1.45951 0.06338745
cyclist 24.1734237671 -20.2502040863 -0.255818992853 1.45617 0.673609 1.56212 -3.105409
vehicle 20.0065746307 19.7976493835 -0.433288097382 4.2585 1.82634 1.24476 3.126723
vehicle 46.0106887817 23.6487598419 0.0195878911763 4.32029 1.70931 1.36247 3.118106
vehicle 1.15826845169 19.913526535 -0.482738167048 3.59775 2.12688 1.59976 -3.089746
vehicle -4.60037279129 23.1843757629 -0.942221462727 4.68146 1.77306 1.44676 -3.127086
vehicle -14.8296461105 18.693567276 -0.894123017788 4.39872 1.61867 1.3257 -3.116279
cyclist -43.3716850281 8.18041992188 -0.744469344616 0.969037 0.981378 1.15344 0.04103113
vehicle -34.9982681274 14.7269859314 -0.915103495121 4.25612 1.91799 1.65081 -3.103784
vehicle -33.6839141846 18.5335521698 -1.06036067009 4.01133 1.67758 1.43906 -3.109575
vehicle -30.6642284393 21.7697372437 -1.05122411251 4.1851 1.89681 1.43785 -3.104235
vehicle -45.0585403442 21.4202919006 -1.2962937355 1.39198 1.18929 1.03418 3.134989
vehicle -50.2791442871 18.0053310394 -1.20902884007 1.52232 1.43427 0.712251 -3.037084
vehicle -48.7076873779 14.7212934494 -1.16645526886 4.21844 1.5483 0.779396 -3.060381
vehicle -2.49045705795 40.6373062134 -1.05119097233 2.17824 0.57082 1.33763 3.138648
vehicle -43.7730484009 -16.7751102448 -0.996878027916 5.37647 1.2849 1.57024 -3.068211
vehicle 8.76344680786 22.984544754 -0.736733615398 4.05275 1.89845 1.54378 -3.120682
vehicle -42.1347351074 -1.19558513165 -0.604309737682 0.345143 1.91348 0.365359 -0.02039502
