vehicle -50.0525054932 -7.35331678391 0.951846599579 1.87988 0.893779 1.24757 2.777505
vehicle -39.3726730347 -16.907869339 1.41349947453 8.83783 2.36817 2.15823 -0.364088
vehicle -29.7753944397 -20.8990573883 0.787912964821 8.68125 2.72512 2.87507 -0.364088
vehicle -19.8665599823 26.6159038544 -0.567687571049 4.17432 1.92124 1.4774 2.793978
vehicle -44.7161598206 28.2180976868 0.682478487492 3.91474 1.78823 1.33141 2.793978
vehicle -24.8952198029 17.6440067291 -0.130351766944 4.03072 1.69407 1.3361 2.833092
vehicle 17.0490856171 -4.18786716461 -1.11891794205 4.51744 1.90009 1.45343 0.04065362
vehicle 22.9191417694 -3.05007982254 -1.23787796497 4.09711 1.66884 1.5289 0.1536822
vehicle 6.75870227814 1.68801605701 -0.806120634079 4.15143 1.79893 2.08792 0.8312153
vehicle 31.8637905121 -10.1893863678 -0.754348218441 5.12349 1.75204 2.25251 -3.119802
vehicle 28.3724040985 -7.48761844635 -0.812019407749 3.74101 1.60922 1.20992 -2.968111
vehicle 34.8059387207 -7.06507396698 -1.16745269299 2.4216 0.550701 0.929199 3.037643
vehicle 39.8223075867 -7.23116254807 -1.45295643806 1.27767 0.938321 0.776156 3.038018
vehicle 25.9156627655 4.70128631592 -1.27647686005 3.01322 1.67373 1.38562 2.869485
vehicle 41.7171630859 -0.161478638649 -1.62239658833 4.1258 2.0118 1.51334 2.783582
vehicle 57.6945075989 -2.69833755493 -1.87112617493 2.81813 0.61344 1.17978 2.619152
cyclist 25.372095108 -29.7706775665 -0.975279510021 1.53773 0.372053 1.24122 -0.1226444
pedestrian 15.0367460251 -40.2864379883 -0.540888249874 0.66261 0.781461 1.35899 -0.1226444
pedestrian 13.4676046371 -38.3537368774 -0.61136841774 0.605858 0.515567 1.51228 -0.1226444
vehicle 7.96758365631 -48.7000236511 -0.65943223238 4.03672 1.73406 0.941653 1.255567
vehicle 5.40839910507 -55.9648208618 -0.265781879425 4.28269 1.76109 1.40995 1.255567
vehicle 37.5986671448 39.8757171631 -2.06966900826 4.83229 1.52947 1.7764 -1.886026
vehicle 34.7921981812 33.1758575439 -2.37154197693 4.32885 1.36892 1.01017 -1.882745
vehicle 37.9226951599 32.2700881958 -2.42169880867 3.11131 1.75651 0.947613 -1.882745
vehicle 40.5190811157 31.5905265808 -2.38262629509 0.698777 1.49601 0.643924 -1.897538
vehicle 43.5299873352 40.0621070862 -1.66119813919 4.36181 1.52927 0.741005 -1.897538
cyclist 53.8016853333 7.20186805725 -2.02772378922 1.18164 0.375671 1.65097 2.971409
pedestrian 53.9623718262 14.0708904266 -2.09637141228 0.361624 0.278283 1.68792 2.971409
pedestrian 54.4408454895 16.2945575714 -2.28903532028 0.412581 0.398764 1.42568 2.971409
vehicle -0.343450605869 11.1838159561 -0.480193316936 11.011 2.84612 2.81292 2.778518
vehicle 10.3644094467 17.5003833771 -1.44088935852 3.46609 1.29369 1.41002 -2.990978
pedestrian 26.5160083771 -46.2169342041 -0.888335227966 0.44456 0.378782 1.31999 -1.818161
vehicle 29.9357128143 -49.0908050537 -0.296896129847 2.75431 1.36998 1.48023 -1.643339
dontCare 1.70136272907 3.14813232422 -1.29813110828 0.458952 1.68344 0.741477 -0.3861002
vehicle 51.2920875549 35.93227005 -2.14329171181 2.15961 8.14805 2.49891 2.865634
