vehicle -34.3634147644 11.8090581894 0.88976842165 2.2852 1.74263 0.434839 -9.288815e-17
vehicle -42.9833488464 2.97121810913 0.631663143635 3.03198 1.71013 1.36699 -1.985867e-17
vehicle -16.6075401306 -0.018915142864 0.0257518012077 2.10864 2.31692 2.18177 0.0
vehicle 1.2427264452 8.99737930298 -0.870392143726 4.73309 1.87168 1.55807 0.0
vehicle 7.48483276367 3.17599439621 -0.837817370892 4.16943 1.78164 1.82458 -5.313404e-17
vehicle 16.3505802155 12.830696106 -0.611765682697 3.76444 1.2964 1.11501 0.0
vehicle 22.5906181335 3.44507360458 -1.16391062737 3.96119 1.81541 1.43967 0.0
vehicle 37.2816314697 7.27189922333 -1.08535289764 3.67087 1.67054 2.04803 0.0
vehicle 39.1369934082 3.73989391327 -1.42339146137 3.92525 1.52887 1.32374 0.0
vehicle 39.8305473328 12.2520980835 -1.36808741093 2.13228 1.50665 1.54977 -1.861621e-16
vehicle 48.4532623291 13.8698387146 -0.968649029732 1.32835 1.03181 0.339188 0.0
vehicle 38.6413612366 26.1170425415 -1.17142355442 4.03705 1.98563 1.36549 3.141592
pedestrian -11.4885063171 -5.78075313568 -0.190181434155 0.674772 0.608365 1.87609 -0.2479069
pedestrian -10.0945568085 -5.56761837006 -0.436252892017 0.570349 0.483046 1.71736 -0.2479069
pedestrian -9.32093811035 -5.71636915207 -0.438443720341 0.638383 0.535801 1.70462 -0.2479069
cyclist -20.0548782349 -16.6183834076 -0.121625117958 1.40814 0.728948 1.53696 0.0
cyclist -50.6166915894 -15.7390060425 0.91520857811 1.43718 0.495076 1.31086 0.0
pedestrian -1.24683201313 -28.1209564209 -0.531476140022 0.524083 0.590171 1.43267 2.005711
vehicle 3.46745371819 -40.8569717407 -0.390167146921 3.38844 1.35745 1.10536 -1.669401
vehicle 17.76603508 57.6322669983 -1.39474773407 4.11855 1.5532 1.44597 -1.550434
vehicle 53.1429481506 17.5569286346 -1.24404096603 0.666956 0.908773 0.724582 1.288793e-16
vehicle -24.1199588776 5.56805515289 0.682283580303 2.13757 1.87939 0.711111 -9.194364e-17
vehicle -20.9728050232 2.91145396233 0.0965661033988 5.17609 1.89039 2.04786 -0.01892825
vehicle -10.0575313568 2.80422687531 -0.539972066879 3.97761 1.86072 1.59886 -0.001063457
vehicle -12.3246641159 5.4245634079 -0.200059249997 6.40719 2.688 2.14713 0.01061995
vehicle -9.966547966 8.71230316162 -0.195027962327 5.90213 3.06369 2.3073 0.008595362
vehicle -1.28599095345 3.44334769249 -0.804664671421 3.81761 1.9809 1.58015 0.01601272
vehicle -5.92850208282 11.8012914658 -0.447879195213 4.48439 2.16369 1.57645 0.01127745
vehicle 6.77238416672 12.0995016098 -0.868626058102 4.42293 1.75652 1.72092 0.04927138
vehicle 11.1499547958 9.56136608124 -1.01984524727 3.35852 1.69989 1.42959 0.05118975
vehicle 21.0035629272 10.2311992645 -0.403664112091 4.43427 1.66814 1.47583 0.1197822
vehicle 26.9308490753 6.72970533371 -1.21848630905 3.36697 1.67348 1.53579 0.01808095
vehicle 11.7797527313 21.7024097443 -0.0499187931418 9.14443 2.92309 3.00932 -3.115448
vehicle 4.04704666138 26.5260543823 -1.01963889599 4.37683 1.75395 1.47198 -3.137539
vehicle -3.96668386459 35.3513641357 -0.729500472546 4.20497 1.47961 1.77993 -2.53229
vehicle 3.30364823341 42.9543533325 -0.791902124882 3.83654 1.96433 1.29112 -2.053881
cyclist 10.4005212784 35.548664093 -1.11634254456 1.2138 0.869816 1.5674 -1.284952
vehicle 13.8818635941 58.6334762573 -1.20825219154 3.47143 1.80884 1.82414 -1.492602
vehicle -14.61693573 -22.7172451019 0.217635825276 4.32656 2.06803 2.2979 0.930404
vehicle -6.72853755951 -22.6155109406 -0.263054609299 3.002 1.25467 2.25648 -2.481461
cyclist -3.06615924835 -28.4835948944 -0.644412100315 1.33517 0.271817 0.548444 2.110812
vehicle 48.7094612122 6.77091407776 -1.07703566551 1.78631 1.25241 0.685949 0.02386642
dontCare 40.4440727234 16.0050678253 -0.687121510506 0.662343 0.683204 0.156506 -0.03630001
vehicle 18.7000102997 0.442827165127 -0.802358448505 3.19297 2.03688 2.02724 0.02297006
dontCare 29.0473899841 10.2468252182 -0.800021767616 1.21312 0.348984 0.427304 -0.001589437
vehicle 35.35754776 14.7554140091 -0.470196634531 0.597234 0.142608 0.205211 -2.589904e-16
