pedestrian 11.5984249115 6.55621433258 -1.13767778873 0.656519 0.667914 1.40012 0.02448302
vehicle 10.6670274734 9.38221073151 -1.01731359959 4.39459 1.96495 1.77277 -3.134492
vehicle 16.5348415375 9.32513427734 -1.20594513416 5.16897 1.92908 1.48197 -3.13846
vehicle 10.598449707 12.3625974655 -1.10849487782 3.62072 1.77505 1.46765 -3.101505
vehicle 17.0734806061 17.284488678 -0.311238020658 2.06137 1.47292 0.659106 -3.09554
vehicle 10.9406204224 20.4121112823 -0.914119362831 4.61464 1.86065 1.63109 3.119749
vehicle 0.643661737442 17.856678009 -0.574314534664 3.01682 1.68421 1.11288 -3.126326
vehicle 0.183696314692 11.9493293762 -0.81255453825 2.68886 1.19645 1.18821 3.026608
vehicle -6.25647735596 12.1751060486 -0.748702406883 3.49105 1.80465 1.44403 3.077336
vehicle -1.23315644264 9.10339832306 -0.956397175789 4.44871 1.81486 1.49911 -3.053313
vehicle -6.08061504364 22.2938842773 -0.697786927223 4.66733 1.57625 1.47383 3.039567
vehicle -4.66844654083 27.2376899719 -0.520961582661 2.28734 1.40083 1.05781 3.12895
vehicle -4.05464410782 39.7411117554 -0.603755831718 2.16255 0.807685 0.993637 -3.054477
vehicle -3.10145878792 42.3628311157 -0.566248595715 0.835955 0.64942 0.792431 -3.130692
vehicle -0.185110569 46.7655525208 -0.490786612034 3.96035 0.703847 1.18145 -3.110286
vehicle 0.0286958031356 52.613910675 0.202700436115 4.97848 0.601007 1.01532 -3.110286
vehicle 10.9733600616 57.0249862671 -0.459936648607 5.56535 1.23021 1.14736 -3.13803
vehicle 10.8308668137 52.0368652344 -0.420623570681 2.97726 0.920116 1.00475 -3.032974
vehicle 10.5268115997 46.3079566956 -0.805283844471 1.39892 0.734897 0.568731 -0.1240677
vehicle 11.7031764984 43.1478881836 -0.708571076393 4.43174 1.67176 1.12241 -3.130814
vehicle 11.0456008911 29.3782558441 -0.912362933159 4.38192 1.68688 1.36908 -3.089079
vehicle 28.8040313721 23.2677001953 -0.670699596405 1.3339 1.18333 0.320787 0.04741338
vehicle 32.6680450439 20.6220321655 -0.932925641537 1.8801 0.89589 0.742339 3.014494
vehicle 27.8119239807 8.80230140686 -1.45621526241 3.47433 1.61547 1.2028 3.12976
vehicle 32.8947982788 12.1468448639 -1.15736424923 4.08122 1.87211 1.63546 -3.072169
vehicle 27.7740974426 12.4294013977 -1.30544662476 4.13598 1.89433 1.49468 3.139801
pedestrian 36.3813209534 7.66157436371 -1.22055721283 0.344398 0.495043 1.42872 0.0548726
vehicle 27.2486171722 36.8835601807 -0.909273564816 3.56896 1.8001 1.42615 7.41372e-16
vehicle 27.9901008606 17.2171478271 -1.27343153954 3.361 1.50712 1.16774 3.100652
vehicle 27.0813522339 33.0070838928 -1.20802772045 0.598687 1.11424 0.52345 0.07152491
vehicle -4.5530166626 -5.87446165085 -0.509374856949 4.56792 1.81153 2.13351 -1.606655
vehicle -10.9518842697 -4.75896120071 -0.386184573174 3.11273 1.20169 1.83853 -1.968289
pedestrian -5.0481967926 -2.03954458237 -0.642347455025 0.65776 0.801139 1.78726 2.980385
pedestrian -13.0746049881 21.3850688934 -0.608598589897 0.640663 0.412768 0.633124 -3.134759
vehicle -39.7613601685 28.6999645233 0.478117734194 2.41333 0.660183 1.53927 0.05381199
vehicle 17.6419048309 51.9790267944 -0.599515557289 1.17986 0.146609 0.669018 0.008735587
vehicle -24.4700145721 21.6330413818 0.0368894338608 1.67265 0.355375 1.01934 0.1146378
vehicle 29.8310031891 26.5013256073 -0.520139098167 2.33661 0.702298 0.820318 0.03725459
vehicle 16.9152812958 39.9657020569 -0.568002581596 3.15658 0.820375 0.863803 -0.0976819
vehicle -1.8568687439 49.2717704773 -0.511561214924 1.86177 0.398759 1.26413 0.04329449
