vehicle -20.0963954926 6.54352521896 -0.270870447159 4.306 1.79254 1.39509 -0.6051043
cyclist -27.7120075226 7.15253782272 0.16328535974 1.1157 0.563907 1.61442 0.8593749
vehicle 29.3520565033 0.188405320048 -1.09742367268 3.37356 1.69474 1.75512 -0.02484561
vehicle 36.3245048523 6.2943072319 -1.39720869064 4.46909 1.92572 1.38495 -0.02562753
vehicle 12.7665481567 16.5349006653 -0.643202066422 3.90745 1.82457 0.69223 3.113016
vehicle 6.10970258713 19.6119174957 -0.811771035194 4.65309 1.8485 0.836489 -3.141158
vehicle -11.8609275818 22.5471363068 -0.483652025461 3.60775 1.64164 1.02123 3.137058
vehicle -9.94540882111 25.2247085571 -0.555008411407 1.89441 1.63802 1.1391 3.120754
vehicle 2.80088281631 22.6503658295 -0.779066264629 2.03258 1.57769 0.84571 -3.137916
vehicle 3.92184090614 24.8626270294 -0.888303756714 2.08039 0.662471 0.925133 -3.132546
vehicle 6.86708974838 27.7481136322 -0.958790063858 2.46163 0.704225 0.580757 -3.13328
vehicle 9.47733402252 21.9473972321 -0.901424705982 2.62549 0.808314 0.81125 -3.116137
vehicle 12.7513437271 19.7573890686 -0.938868224621 2.33876 1.29157 0.613228 3.138383
vehicle 13.3242530823 25.1007270813 -1.09934425354 2.85705 1.61109 0.925251 3.13028
vehicle 19.5147628784 19.5271663666 -0.732540249825 3.62378 1.6306 1.11241 3.124142
vehicle 28.2488975525 22.5122489929 -1.15342533588 4.21601 1.51474 0.86783 -3.130034
vehicle 36.8660621643 25.2408332825 -1.37596678734 4.31021 1.49529 0.873522 3.139542
vehicle 45.4682426453 24.6405544281 -1.47501266003 1.49147 0.937394 0.709199 3.13248
pedestrian 11.6533041 -19.9417896271 -0.808553576469 0.812872 0.528023 1.39558 2.830352
vehicle 17.7704143524 -20.389957428 -0.6394982934 4.81116 2.17804 1.94255 -0.08360416
vehicle 29.7626991272 -19.8651008606 -1.04838490486 4.17958 1.20541 1.4936 -0.009582583
cyclist -32.6787643433 -12.1720352173 0.281115114689 1.63844 0.650507 0.977904 1.805755
cyclist -31.3160610199 -14.2955856323 0.295332312584 1.03233 0.564933 0.930861 2.503127
cyclist -29.0567760468 -15.5379257202 0.358008027077 1.66413 0.489529 1.1001 3.085606
dontCare -37.0252075195 -17.0087070465 0.556498706341 3.93476 1.38969 1.07147 -0.4654758
cyclist -44.5674476624 -17.6143665314 0.74589163065 1.69284 0.914744 0.925559 -2.557583
vehicle -49.8947525024 -9.94287967682 0.922266244888 1.29086 1.54529 0.703439 -2.192427
cyclist -26.2704639435 -15.198143959 0.241852656007 1.70619 0.411202 1.23985 3.129418
cyclist -9.9306678772 -20.0089092255 -0.423934996128 1.58949 0.340401 0.601454 -3.108467
dontCare 22.1971683502 -21.443069458 -0.800375819206 1.44214 0.512998 1.54557 2.990185
cyclist 2.73895096779 -15.7721071243 -0.815448343754 1.69208 0.889075 1.26084 -2.664179
pedestrian 3.60130000114 -14.9559965134 -0.662802040577 0.476131 0.423415 1.33341 -0.1436577
vehicle -25.6351356506 -19.5614852905 0.726512789726 6.773 2.32107 1.77809 1.591536
cyclist 4.40978336334 -15.2427215576 -0.880601763725 1.39188 0.568989 1.04315 0.3453238
cyclist -34.1135597229 -17.4616355896 0.413823574781 0.554119 0.55118 0.303246 3.130659
vehicle 2.58675742149 50.2887802124 1.41253328323 4.14958 1.56139 2.79475 -2.352653
vehicle -2.58367681503 19.7745246887 0.00935163162649 9.17031 2.65013 2.10795 -3.139223
vehicle -3.53742170334 3.85305047035 -0.570286810398 5.11979 2.10709 2.07715 -0.08872294
vehicle 8.64424610138 5.06550073624 -1.07073950768 4.29379 1.69871 1.47616 -0.0007765368
cyclist 3.14945602417 -18.3378868103 -0.637024104595 1.79617 0.315807 1.17613 -3.127527
vehicle 12.8963832855 27.7287368774 -0.880066633224 0.577035 1.30497 0.269378 3.124846
vehicle -11.6147060394 27.6923294067 -0.353591829538 1.10177 0.119325 0.229183 -3.135319
