vehicle -7.06185340881 27.1945285797 -0.776980161667 4.59249 1.85709 1.93281 -3.134007
vehicle -10.1662321091 23.3910484314 -0.811975538731 3.98303 2.01389 1.32475 3.127617
vehicle -29.8519916534 23.6874351501 -0.871809959412 3.84894 1.53832 1.46426 3.127617
vehicle -51.8089103699 20.6994190216 -0.6741117239 4.6312 1.98277 1.44619 3.136773
vehicle -51.8895187378 26.3062915802 -1.26684713364 3.96858 1.61238 1.06757 3.136773
vehicle -53.8435211182 23.8218536377 -1.27322149277 1.15423 1.30915 0.986623 3.136773
vehicle -45.4108963013 -0.469605535269 -0.663277029991 3.49761 1.8997 2.59965 0.01418996
vehicle -15.7326078415 1.7247338295 -0.834251105785 4.05453 1.91363 1.85144 0.01418996
pedestrian 20.9097652435 -19.463470459 -0.390439063311 0.431085 0.376426 1.09638 -3.101494
pedestrian 18.4809169769 -19.6908245087 -0.356341302395 0.437391 0.262757 1.03956 -3.101494
pedestrian 11.8093280792 -19.377494812 -0.776277840137 0.693598 0.408692 1.07861 3.137964
pedestrian 13.4482650757 -21.2511100769 -0.700804948807 0.51286 0.336322 1.10697 3.137964
pedestrian -1.86000657082 -20.1432609558 -0.880569934845 0.818124 0.58865 1.41438 3.115747
dontCare -1.22681713104 -21.1618785858 -1.43848252296 0.903882 0.202113 0.449475 3.086203
pedestrian -9.82095813751 -19.7569637299 -1.09289669991 0.884349 0.701734 1.26213 -3.098092
cyclist -11.403629303 -17.5292034149 -1.33913004398 1.34162 0.396614 0.72 -3.098092
pedestrian -21.3911800385 -20.2065067291 -1.20943772793 0.514719 0.455641 1.27835 -3.022661
pedestrian -33.7517127991 -19.8022441864 -1.46970832348 0.796868 0.447337 0.847311 -2.979771
vehicle 38.3776321411 -10.2608594894 0.182057976723 1.7516 1.72649 1.45244 -0.2156471
pedestrian 40.293838501 -6.35301542282 0.496492356062 0.501426 0.539027 1.24443 3.076993
vehicle 42.1361083984 -22.3317775726 0.457392781973 2.52886 1.21356 0.911431 -1.598939
vehicle -36.3769226074 -21.306886673 -1.50840711594 2.93341 0.294281 0.781808 -3.126927
