vehicle 39.7226905823 3.32154870033 -1.31161880493 2.77117 1.87579 1.45556 -0.01525289
vehicle 20.3718643188 3.34135246277 -1.14930081367 3.86766 1.66528 1.51034 -0.04364211
vehicle 17.784318924 -0.245568111539 -0.825961709023 3.19118 2.0659 2.02656 0.01695117
vehicle 18.6329345703 6.8266658783 -1.17220032215 4.33684 1.69834 1.39755 0.008853528
vehicle 1.95691668987 6.9586148262 -0.815897345543 4.49656 1.98945 1.72225 0.02229069
vehicle -13.408000946 3.58177423477 -0.356139302254 4.07426 2.11373 1.7171 0.003359152
vehicle -34.4552879333 2.15747618675 0.30961728096 3.86458 1.753 1.42879 0.07100842
vehicle -56.9298477173 5.29924726486 1.12578094006 1.91855 1.37546 1.41025 -0.01622283
vehicle -10.0450353622 29.0364398956 -0.918586671352 4.00823 1.78556 1.40025 3.079354
vehicle 38.1836090088 44.9214897156 -1.8440901041 3.60365 1.48873 1.80558 0.002066135
vehicle 44.0592536926 39.7925758362 -1.76165008545 3.96241 1.39755 0.799545 -0.005316662
vehicle 30.1181144714 45.1590957642 -1.89725708961 3.98271 0.752401 1.33048 2.534302
pedestrian 16.4097480774 -6.94521379471 -0.741438448429 0.532343 0.434738 1.63555 -0.008390954
pedestrian 14.9480981827 -8.28236961365 -0.687740623951 0.462659 0.487416 1.75587 3.124662
pedestrian 16.3525314331 -7.5507645607 -0.958187699318 0.757128 0.564722 1.2652 -3.123276
vehicle 20.8533821106 -18.8328876495 -0.972701072693 4.47913 1.85696 1.55145 0.01707959
vehicle 28.4400939941 -18.3994693756 -1.04612076283 3.38393 1.95439 1.53902 0.005345134
vehicle 7.67222261429 -22.3453483582 -0.700260460377 2.40013 0.899562 1.45415 -3.134013
cyclist 2.60437917709 -22.2323799133 -0.744823038578 1.77241 0.41634 1.06609 2.858246
pedestrian -1.79886686802 -23.8050632477 -0.30231359601 0.501639 0.319078 1.53151 3.139892
pedestrian -6.37320613861 -20.9952888489 -0.322842270136 0.435755 0.659463 1.54521 3.114961
vehicle -10.33943367 -22.6778659821 -0.324659526348 2.00585 1.21902 1.32068 -1.754434
pedestrian -13.1101827621 -19.0047798157 -0.100712254643 0.931438 0.530712 1.70968 3.068655
pedestrian -21.3523521423 -21.4708938599 0.315241396427 0.351047 0.416936 1.50897 2.908077
vehicle -19.957195282 -21.8898181915 -0.171702489257 2.43237 0.921397 0.986214 -0.1453569
dontCare 53.3667411804 -18.1670875549 -1.65835547447 1.51599 0.246503 0.735863 1.553054
dontCare 29.6504669189 -21.1631774902 -0.900739729404 0.284155 0.216066 1.12842 3.101325
vehicle 35.7109146118 47.7447853088 -1.99786162376 4.17407 1.59034 1.33187 0.06178334
pedestrian 23.3089923859 -8.34290504456 -0.88580262661 0.408792 0.372647 1.47332 0.0
pedestrian -20.6363430023 -22.3237628937 0.0339016579092 0.395271 0.426746 1.43086 3.085219
