vehicle 44.6046714783 0.878840208054 -1.15884578228 2.34445 1.8178 1.96305 0.02902465
cyclist 51.2891769409 -2.68575787544 -1.67281925678 1.38336 0.514231 1.04502 0.1105794
dontCare 19.5280628204 -10.9683322906 -1.12568759918 0.374141 0.464731 1.03234 0.03097574
pedestrian 24.8732013702 -10.4508733749 -1.00389170647 0.518543 0.309623 1.40691 0.03097574
pedestrian 17.7073154449 -9.67793464661 -1.05242228508 0.534276 0.768867 1.30557 0.03097574
pedestrian 2.07551312447 -11.62383461 -0.745449960232 0.782503 0.749121 1.76696 0.03097574
vehicle 25.9383640289 -18.7802181244 -0.925047278404 2.82417 0.780717 0.624659 2.270841
vehicle 23.4570465088 -20.783493042 -0.814168691635 2.16473 0.475819 0.803744 2.384005
vehicle 22.4108524323 -22.5307674408 -0.807965934277 2.95931 1.61027 0.8263 2.384005
vehicle 19.4510879517 -24.2807807922 -0.555215656757 2.40398 1.81381 1.01726 2.429086
vehicle 17.6404647827 -26.8798828125 -0.630577743053 3.5296 1.70278 0.518431 2.514232
dontCare 35.3277359009 -27.2714233398 -1.66912925243 1.22211 0.910655 0.35795 -3.138431
vehicle 31.8172206879 -31.7552967072 -1.1932682991 3.90956 1.66759 1.48426 3.08215
vehicle 30.1105613708 -34.119228363 -1.39461398125 1.34185 1.17709 0.382441 3.08215
vehicle 17.8976478577 -34.4886779785 -0.605085968971 4.11283 1.36108 1.00744 3.092676
vehicle 17.4436168671 -37.6280632019 -0.411865860224 3.73802 0.42416 1.08896 2.98595
vehicle 15.4491577148 -40.8820648193 -0.572231054306 1.65727 1.61251 0.836332 -3.133159
vehicle 16.9204921722 -47.0157470703 -0.379922658205 1.91905 1.34269 0.992552 -3.133159
vehicle 31.2739830017 -42.9203414917 -0.910321116447 2.6484 0.357186 1.3296 -3.133159
vehicle 17.6599769592 -52.2891311646 -0.134710595012 3.72608 0.429063 1.13694 -3.133159
vehicle -6.02357769012 -24.8203010559 -0.538190186024 4.3284 1.85477 1.45133 -1.530762
vehicle -8.96621894836 -22.6412506104 -0.538008332253 4.27782 1.74997 1.45857 -1.465886
vehicle -12.7915000916 -15.8185968399 -0.343659967184 4.24748 1.71155 1.58514 1.669085
vehicle -5.53069114685 -31.8524951935 -0.1718621701 2.12671 1.37534 1.07949 -1.418473
vehicle -0.938530564308 -44.3684501648 -0.327199697495 2.27458 1.07188 1.47226 -1.350882
vehicle -6.95029973984 -46.5153236389 0.370947360992 1.40567 0.986853 0.667009 -1.481703
vehicle -6.29205989838 -52.5388412476 0.712216436863 1.7803 1.62376 1.37954 -1.481703
dontCare -5.56871175766 -59.9163475037 0.601042628288 0.680029 0.733825 0.451492 -1.470693
vehicle -11.0138521194 -1.18849539757 -0.503317296505 4.22789 2.0723 1.56591 -0.03258635
vehicle -39.2887687683 -5.22946214676 1.22129118443 6.00939 2.06263 2.41108 -0.00321832
pedestrian 3.89283847809 13.7433099747 -0.986853599548 0.822048 0.335984 1.61707 -0.00321832
cyclist 3.80300450325 14.2938127518 -1.09769678116 1.93901 0.82892 1.49255 3.106071
pedestrian 14.0950670242 15.3657007217 -1.25930535793 0.939537 0.786461 1.43129 -2.968266
dontCare 32.1988754272 20.4676475525 -1.48378574848 0.968417 0.660204 1.40513 -3.076957
dontCare 31.4400501251 21.4701690674 -0.953751683235 1.90357 1.32346 1.22219 -3.076957
dontCare 35.8577384949 20.6912326813 -1.27755367756 2.85161 0.874318 1.76029 -3.076957
