vehicle -10.7632770538 -0.309743016958 -0.44700294733 3.85976 1.98389 1.59654 0.01659586
cyclist -7.46255779266 -2.79101061821 -0.563538849354 1.86414 0.812319 1.61076 0.01659586
vehicle -33.8825645447 -21.7819347382 0.878826200962 4.34425 0.88595 0.762174 -0.8267017
vehicle 21.9934158325 13.3973617554 -1.2484241724 2.34479 1.00291 1.62847 3.141592
cyclist 28.9089565277 11.3615903854 -1.34579586983 1.51273 0.746622 1.53093 0.0
vehicle 28.3210506439 15.2961215973 -1.48092973232 2.75299 0.549414 1.45904 -3.131905
vehicle 39.3507766724 16.0025081635 -1.52008342743 3.5208 1.79137 1.21806 -3.102632
vehicle 52.1615447998 -3.99980354309 -0.787696301937 11.2635 2.65156 3.07388 0.01884756
vehicle 39.4903526306 -3.11906147003 -1.45336925983 2.32715 1.04347 1.28537 -0.03912945
vehicle 29.6170310974 -8.70532989502 -0.482472658157 12.3216 2.86255 3.24205 -0.6926338
vehicle 23.2438488007 -9.98441314697 -0.996601998806 4.28838 1.69342 1.74647 -1.290808
vehicle 19.7848911285 0.152973428369 -0.913831472397 3.14722 1.93159 1.97433 -0.02417155
vehicle 2.76385760307 -5.0701007843 -0.933039784431 4.2717 1.79676 1.52218 -0.02557918
vehicle -23.4360866547 -0.550777852535 0.879747509956 5.48322 2.29008 1.05507 0.05179225
vehicle -40.4171333313 -15.7893333435 1.23040294647 4.40043 1.69351 1.40004 -0.797263
vehicle -58.7839012146 16.2631263733 1.84941935539 11.3108 2.83453 2.45242 -2.986135
vehicle -46.0140304565 19.4696006775 1.09861838818 5.32832 2.27057 2.18125 2.457891
vehicle -27.3009738922 15.0352964401 -0.126871585846 4.06273 1.6355 1.34457 -3.111319
vehicle -21.9456157684 15.409277916 -0.116425618529 4.16078 1.74048 1.58499 -3.110759
vehicle -2.50101304054 10.823597908 -0.206525236368 4.3888 1.43237 2.07818 3.06658
vehicle 28.6257286072 19.4386119843 -1.09620273113 2.04257 1.4342 1.63813 -0.5771813
vehicle 38.0614929199 18.1732788086 -1.77398538589 0.838085 1.60408 0.803646 0.3152184
vehicle 31.9567871094 -27.5633106232 1.31015944481 5.36351 1.46987 0.669619 -1.550026
pedestrian 9.4839258194 -14.4230051041 -0.686340630054 0.562925 0.546614 1.26366 -3.118493
vehicle -42.3793487549 27.3433570862 1.26894974709 1.59128 1.43118 0.601717 0.7211177
pedestrian -46.1910324097 -14.479675293 1.17350900173 1.07834 0.428483 1.26691 0.5934489
