vehicle -19.5915317535 5.57020616531 0.416615813971 1.16348 0.848271 0.314299 0.04942703
vehicle -34.7167549133 10.6146802902 1.13304626942 4.8479 2.08676 1.68479 0.02555107
vehicle -33.2221488953 8.93737602234 1.38450026512 3.16426 0.445358 0.987987 0.02555107
vehicle -10.5910615921 5.68967628479 -0.322974681854 4.23482 2.02021 1.82131 -9.822268e-17
vehicle -14.7125244141 2.55992150307 -0.0957836955786 5.02253 1.89716 2.15481 0.04605104
vehicle 0.457463026047 8.78848934174 -0.782283365726 3.02074 1.80193 1.53267 0.01551021
vehicle -2.89562773705 5.68164730072 -0.334689170122 6.34889 2.7229 1.8791 0.01551021
vehicle -1.84796130657 2.82633042336 -0.768733561039 4.33664 2.01007 1.57011 0.01551021
vehicle 3.40433621407 5.7532043457 -0.882427453995 2.39778 1.6021 1.49102 0.03059286
vehicle 10.6760797501 5.77668905258 -0.457499563694 3.74258 1.73855 1.3691 0.002032591
vehicle 17.3945274353 5.99004411697 -0.587775945663 2.95223 1.42446 0.446632 0.002032591
vehicle 22.91888237 9.14339447021 -0.327000021935 4.59673 1.90984 1.29138 0.03548254
vehicle 28.8521156311 9.15613746643 -0.679855644703 0.408351 0.545823 0.168083 0.03548254
vehicle 14.3823251724 12.4345664978 -0.0642412006855 2.37046 1.38377 0.293975 0.03548254
vehicle 23.876115799 6.24355983734 -0.787044644356 2.40994 1.28553 0.683146 0.03548254
vehicle 25.3161048889 3.3213224411 -1.01810669899 3.69105 1.64229 1.53791 0.03548254
vehicle 31.8436737061 2.99584388733 -1.17830967903 3.48192 0.350653 1.14313 0.03548254
vehicle 17.7245349884 3.14963626862 -1.10570859909 4.91977 1.46056 1.41247 0.01098293
vehicle 10.0763568878 3.07164883614 -1.06828296185 4.06569 1.5506 1.47688 0.01098298
vehicle 4.34526062012 2.79172587395 -0.806014478207 4.34545 1.81359 1.84584 0.03732343
vehicle 5.75550794601 0.0939487889409 -0.697642505169 3.1969 2.05844 2.02307 0.03732447
vehicle 13.9994277954 0.348963499069 -0.650446951389 2.37905 1.95175 0.52174 0.0
vehicle 27.2483596802 0.261841922998 -0.280546218157 1.52159 1.00795 0.16419 0.0
vehicle 40.4288864136 3.78266811371 -1.09701180458 6.9174 1.73948 2.02489 -2.462035e-17
vehicle 37.0482902527 6.60755443573 -0.758926689625 2.24057 0.842428 0.43253 0.0
vehicle 43.9257545471 9.556183815 -0.972296178341 1.28499 1.19718 0.545828 1.255094e-16
vehicle 51.738861084 3.65511369705 -1.21182334423 4.41331 0.825009 2.01284 0.0
vehicle 52.2002487183 1.15596687794 0.0585413947701 9.68249 2.8444 3.57729 0.0
vehicle 49.6098823547 12.4659957886 -0.541757404804 1.5457 1.15607 0.637813 0.0
dontCare 43.9769248962 17.0442943573 0.919795274734 0.214371 0.698162 0.598285 0.0
vehicle 38.0938453674 -21.8237533569 -0.830612838268 3.38828 0.826853 1.33505 0.9490265
vehicle 54.5316772461 -8.36173915863 -1.41555154324 3.32603 1.44317 1.07207 -0.6526353
dontCare 46.6611404419 -22.0761222839 -1.1663646698 2.00235 2.16152 1.91132 -0.8409727
vehicle -21.6995296478 55.7235183716 0.216184288263 2.21217 1.78116 1.15927 1.602272
vehicle -25.2570743561 49.3384094238 0.207876965404 2.40029 1.08709 1.04063 1.602272
vehicle -7.63261079788 2.65674257278 -0.582865834236 3.87452 1.85273 1.63224 0.06146449
vehicle -4.58493757248 -0.271278679371 -0.516113042831 2.03354 2.24105 2.04255 0.03218704
pedestrian 41.6949920654 -4.17750406265 -1.411454916 0.499357 0.385472 1.01792 -2.075866
pedestrian 41.2951774597 -5.12824487686 -0.900427937508 0.49689 0.359771 1.55453 -2.075866
pedestrian -15.5981626511 32.7653503418 0.111672148108 0.281638 0.257232 0.493142 0.04573153
dontCare 49.3234863281 -1.52401268482 -1.68359684944 0.356542 0.951268 0.709777 0.0
