pedestrian -6.34428310394 -3.54469633102 -0.58294481039 0.713189 0.669283 1.9045 0.06333487
pedestrian -5.6760559082 -2.84078574181 -0.645406961441 0.691883 0.567055 1.69217 0.5921944
vehicle -4.59364318848 -5.8626294136 -0.500735938549 4.58904 1.87241 2.14096 -1.591424
vehicle -10.880730629 -4.66067743301 -0.36459299922 2.84528 1.14494 1.84823 -1.966576
vehicle -1.23097336292 9.12784194946 -0.935342907906 4.47876 1.83398 1.46435 -3.068547
vehicle -0.716685652733 12.0724105835 -0.795491218567 4.47719 1.23772 1.21117 3.036903
vehicle -6.24269008636 12.145113945 -0.782090961933 3.48076 1.75412 1.54691 3.091769
vehicle 0.639804005623 17.8625125885 -0.629279494286 3.0783 1.6777 1.22412 -3.117626
vehicle -6.08624219894 22.3312854767 -0.693326354027 4.70419 1.74539 1.48987 3.037645
vehicle -4.69321203232 27.2234897614 -0.515922546387 2.44408 1.41713 1.04885 -3.122093
vehicle -24.4172821045 21.6341648102 0.00719086499885 1.65161 0.401985 1.10104 0.05730217
vehicle -40.0199356079 28.7278327942 0.651107728481 3.04028 0.726512 1.254 0.03448664
vehicle -4.054915905 39.7683334351 -0.610089302063 2.13253 0.870403 1.00769 -3.108188
vehicle -3.36437439919 42.4460372925 -0.413526654243 1.45409 0.68248 1.1078 3.089609
vehicle -0.128450870514 46.767375946 -0.483312278986 3.99722 1.00888 1.22482 -3.119649
vehicle -2.59275197983 49.2530975342 -0.945458710194 0.404979 0.419592 0.398532 0.0
vehicle -0.716822504997 52.5462760925 0.0699949860573 3.25017 0.555236 0.713632 3.112041
vehicle 10.3108682632 56.9183769226 -0.445949316025 3.60375 1.05684 1.09004 3.117182
vehicle 10.8466787338 51.8879165649 -0.575975775719 2.95141 0.737862 1.37415 -3.081537
vehicle 10.3905687332 46.2962875366 -0.797907710075 1.45852 0.649913 0.623699 -0.001028128
vehicle 11.7204532623 43.0458602905 -0.700585544109 4.4619 1.34847 1.10787 3.118003
vehicle 10.9796218872 29.4189090729 -0.907729327679 4.25026 1.69649 1.36039 -3.068781
vehicle 10.9131736755 20.3652114868 -0.855743765831 4.54967 1.97163 1.78549 -3.135134
vehicle 10.6193580627 12.3691825867 -1.10156238079 3.62643 1.73698 1.45654 -3.104691
vehicle 10.7019510269 9.33420467377 -1.01370728016 4.40298 1.84204 1.76926 3.123679
vehicle 16.5537586212 9.35587024689 -1.26093101501 5.18532 2.03966 1.37993 3.139816
vehicle 16.3239345551 17.2102718353 -0.334978073835 3.55943 1.44634 0.740947 -3.040551
vehicle 27.8959541321 8.78746509552 -1.371494174 3.56974 1.66778 1.38401 3.11317
vehicle 27.8247566223 12.5361766815 -1.31244838238 4.24956 1.9681 1.51098 -3.107225
vehicle 32.8321113586 12.2335252762 -1.19502818584 4.03087 1.96698 1.77316 -3.117468
vehicle 28.0029983521 17.2290287018 -1.25383150578 3.39856 1.57168 1.25457 3.12136
vehicle 32.7502326965 20.5553436279 -0.911369025707 2.07372 0.918586 0.753436 2.983086
vehicle 28.7801589966 23.1658210754 -0.651751816273 1.43015 1.08553 0.334361 -0.01252382
vehicle 28.7225437164 26.5411605835 -0.709060907364 1.88697 0.512008 0.337366 -3.09311
vehicle 27.1015968323 32.9432373047 -1.2024589777 0.469866 0.958668 0.553515 0.09043829
vehicle 27.235244751 36.948387146 -0.876824319363 3.5479 1.93117 1.41926 0.01951595
vehicle 16.9539699554 39.8866615295 -0.58352637291 3.10143 1.01631 0.894216 3.139405
pedestrian 11.7479047775 6.54006958008 -1.11407756805 0.568111 0.574947 1.5281 -5.235955e-16
