vehicle -0.514467597008 23.7529067993 -0.270198017359 9.24535 3.15447 2.2042 -2.922555
vehicle -9.50572490692 3.27210688591 -0.877216875553 4.4051 2.08231 1.68803 0.009389144
vehicle 30.7977313995 4.09618139267 0.113291852176 3.5989 1.56092 1.81671 -0.008805433
vehicle 37.1046295166 0.475762277842 0.0880428180099 1.42252 1.65235 1.36115 0.01102369
vehicle -34.8053398132 30.0932292938 -1.35655152798 3.92462 1.46918 1.19025 -3.124042
vehicle -46.3187446594 30.4385986328 -1.37082481384 0.864513 1.49705 1.31735 3.125422
vehicle -31.671087265 48.672744751 1.67691671848 4.10912 1.956 2.99127 2.910246
vehicle -31.3604393005 18.6735954285 -0.816808760166 3.31072 1.55431 0.923102 -3.099777
vehicle -38.8422164917 18.4704837799 -0.866470754147 3.56192 1.67107 0.767641 3.132378
vehicle -46.5095252991 18.6370582581 -0.924159049988 2.78044 1.64743 0.666813 3.126035
vehicle -54.3033599854 17.2799663544 -0.924848794937 0.863493 1.37842 0.333607 -3.116972
vehicle 34.0687294006 19.6142978668 -0.0782942846417 4.55254 1.72241 1.87182 -3.108482
vehicle -3.31052494049 -20.6090221405 -0.689736127853 4.37258 1.30049 1.49465 0.04916026
vehicle -2.888661623 -17.9869499207 -0.977318704128 1.98331 0.745165 1.06849 0.001067799
pedestrian 0.961832940578 -19.0477542877 -0.92932164669 0.747088 0.458365 0.924679 -0.0502344
cyclist -0.655597746372 -16.1215820312 -0.61521756649 1.52569 0.615799 1.66556 -0.09903166
vehicle -15.4567222595 -20.3719978333 -0.90134114027 4.56214 0.462829 1.4975 -0.04203835
dontCare 28.8848152161 -17.986284256 -0.0052894372493 0.40227 0.300923 1.09871 -0.02704073
cyclist -29.1839885712 -16.0183391571 -1.04856860638 1.55073 0.573414 1.06915 0.012767
vehicle 25.619222641 50.7521400452 2.18980550766 5.56703 2.29516 1.94958 1.746922
dontCare 55.7960700989 -17.6174049377 0.211130931973 1.94638 1.24832 0.369819 -0.005194854
dontCare 57.4174766541 0.474124878645 1.31452286243 0.11644 1.3278 0.0281143 0.00366975
