pedestrian -3.05503749847 -1.94677209854 -0.628418147564 0.665761 0.695714 1.70502 -2.319824
pedestrian -4.47497272491 -3.2617328167 -0.693553388119 0.789072 0.306599 1.67949 -2.125937
pedestrian -12.2727603912 -1.57405555248 -0.301118314266 0.644928 0.726733 1.63903 -1.536081
vehicle -1.23695600033 9.10306358337 -0.898749053478 4.47445 1.78938 1.5605 -3.04566
vehicle -0.723973333836 12.1003665924 -0.787276685238 4.4921 1.19969 1.19465 3.005355
vehicle -6.2289147377 12.1308460236 -0.74977594614 3.44351 1.74062 1.48277 3.080343
vehicle -6.21749353409 22.4125404358 -0.69380158186 4.98306 1.74586 1.49132 3.04383
vehicle -4.66900014877 27.2637863159 -0.512155652046 2.44832 1.44823 1.04193 3.098177
vehicle -3.34261250496 42.2459259033 -0.410335361958 1.36709 0.374528 1.10187 -3.088409
vehicle -0.131788760424 46.7714920044 -0.476700365543 3.99735 1.02939 1.21201 -3.088409
vehicle -2.54391002655 49.2506370544 -0.959683716297 0.273767 0.377726 0.346817 -3.088409
vehicle -0.72065448761 52.4422302246 0.0585445128381 3.28327 0.329269 0.736547 -3.088409
vehicle -24.4639282227 21.5804252625 0.0415468662977 1.666 0.402018 1.03269 -3.134528
vehicle -40.0527038574 28.7507019043 0.492027819157 3.04894 0.789586 1.58078 -3.134529
vehicle 10.8006134033 51.8941078186 -0.58818179369 3.01466 0.812207 1.39907 -3.134531
vehicle 10.4241313934 46.327255249 -0.792215883732 1.23497 0.66326 0.571297 -3.134535
vehicle 16.165063858 17.2014579773 -0.355208098888 3.8026 1.66979 0.737438 -3.105555
vehicle 32.8731918335 12.2699747086 -1.12067306042 3.91351 1.90837 1.58441 -3.120531
vehicle 32.7460899353 20.6311893463 -0.930264413357 2.02129 1.28406 0.731581 3.11548
vehicle 28.7861747742 23.1534194946 -0.676472365856 1.41578 1.12441 0.327069 -3.122404
vehicle 28.7583084106 26.5600509644 -0.727985203266 1.89504 0.517511 0.295473 -3.122404
vehicle 28.0004692078 17.2382621765 -1.23718965054 3.39155 1.51101 1.22041 -3.130823
vehicle 27.7307033539 12.5089321136 -1.25891363621 4.01204 1.95786 1.40341 -3.107014
vehicle 27.8735084534 8.78409767151 -1.37229943275 3.63556 1.53906 1.36219 3.119611
vehicle 16.5613574982 9.3603849411 -1.24776184559 5.20639 2.0173 1.35519 3.132933
vehicle 10.6229257584 12.3416166306 -1.07854485512 3.6614 1.73147 1.41094 -3.111997
vehicle 10.9554748535 20.384979248 -0.905280292034 4.63145 1.89535 1.61567 3.128731
vehicle 0.641840279102 17.8528804779 -0.561035215855 3.08083 1.69032 1.08829 -3.094354
pedestrian -12.2187871933 25.0262565613 -0.0983945950866 0.554298 0.303683 1.2183 -3.121112
vehicle -4.46771001816 -5.90595531464 -0.507360041142 4.60298 1.77339 2.08597 -1.597097
vehicle -10.9720897675 -4.73411083221 -0.379794090986 3.06131 1.19084 1.87939 -1.974821
vehicle 27.0679607391 33.0343933105 -1.18592882156 0.411495 1.15915 0.540285 0.0160528
vehicle -4.05671691895 39.7978935242 -0.475469410419 2.14446 0.835736 1.24442 -3.061795
vehicle 11.1837215424 56.9493713379 -0.428866744041 5.34611 1.08445 1.11025 3.123594
vehicle 10.6733131409 9.29823589325 -1.02473723888 4.401 1.73948 1.78945 -3.136627
vehicle 27.2222900391 36.9012374878 -0.896661221981 3.5139 1.86426 1.41045 0.01124668
vehicle 11.697476387 43.1407089233 -0.691041529179 4.46654 1.4815 1.08972 3.136831
vehicle 10.9836378098 29.3961715698 -0.78145891428 4.26062 1.69512 1.50125 -3.068385
