vehicle 10.5321035385 44.4403991699 -1.41592466831 3.69912 1.57423 1.51706 -0.02736535
vehicle 20.1164226532 44.614982605 -1.80070030689 4.19654 1.56228 1.01979 0.03063783
vehicle -3.06829309464 46.1427383423 -1.29104995728 3.97004 1.62487 1.67596 0.3588159
vehicle 2.67688131332 45.1034126282 -1.54605054855 4.20912 1.57998 1.19577 2.534003
vehicle -54.7723655701 6.36406373978 0.532374203205 3.75461 0.986322 0.421953 0.01955678
vehicle -50.323387146 3.17377901077 0.973946094513 2.40259 1.23027 1.27647 0.00593956
vehicle -14.6048212051 3.14565896988 -0.180977240205 5.23004 2.10798 1.99101 -0.007331008
vehicle 13.4054613113 2.89169621468 -1.07230913639 4.24579 1.92297 1.44359 -0.006488176
vehicle 20.1185684204 6.75758075714 -0.341274738312 7.94676 2.50753 3.05371 -0.02640443
pedestrian -36.3938026428 -8.48825454712 0.761749923229 0.381421 0.539573 1.41062 0.0008936927
pedestrian -36.8118476868 -8.28240776062 0.647046804428 0.589705 0.36287 1.17891 -0.004421989
pedestrian -25.8838291168 -6.60886764526 0.356948375702 0.660637 0.533723 1.52717 -0.01930003
pedestrian -22.9412136078 -6.91790485382 0.40094524622 0.320811 0.376968 1.26551 -0.006546944
pedestrian -20.0259685516 -6.4532532692 0.10952950269 0.487997 0.59908 1.37704 -0.0005665504
pedestrian -17.939704895 -9.48572158813 0.0355247817934 0.495091 0.49467 1.50214 -0.03193431
pedestrian -16.1771030426 -8.23006153107 -0.00271231192164 0.397739 0.564804 1.4477 0.02677373
pedestrian -17.0558776855 -7.70604562759 -0.0915401726961 0.33667 0.308737 1.25963 0.03362045
pedestrian -17.3451824188 -7.6143913269 -0.042879793793 0.309965 0.250329 1.10832 0.02648407
pedestrian -17.2238483429 -6.00440788269 -0.00541881425306 0.516975 0.389539 1.70468 0.01797715
pedestrian -18.0016460419 -6.27733278275 0.061426114291 0.675281 0.467592 1.6194 0.02035955
pedestrian -16.3658885956 -6.02185297012 -0.025765221566 0.490009 0.501175 1.68943 0.03814868
pedestrian -15.7039871216 -6.05205726624 -0.0178306736052 0.632457 0.512677 1.63728 0.019991
pedestrian -13.0035142899 -6.26901102066 -0.114004231989 0.508688 0.509308 1.68362 0.02578031
pedestrian -12.058380127 -7.32546138763 -0.306707948446 0.506277 0.747481 1.10063 0.01860175
pedestrian -9.76577568054 -7.18732881546 -0.210990026593 0.422112 0.601017 1.54513 0.01634843
vehicle -7.90354061127 -11.875878334 -0.410385906696 3.04182 1.22966 1.48366 0.0582034
vehicle 3.37789916992 -14.1829023361 -0.559255361557 4.28351 1.7363 1.81995 0.0006790762
vehicle 9.12337398529 -24.2437343597 -0.632861196995 1.55484 0.895318 0.910512 0.03073919
vehicle 12.5907726288 -18.855594635 -0.736942768097 4.11439 1.74263 1.52004 0.03073918
vehicle -0.225331276655 -17.9702548981 -0.5396733284 3.41966 0.604069 1.42547 0.0170225
pedestrian -3.4239718914 -18.5819377899 -0.555665493011 0.590481 0.354828 1.20786 0.04023273
vehicle -7.55657100677 -18.9410972595 -0.31954395771 4.92649 1.71472 1.46976 0.003540487
pedestrian -21.975315094 33.1080970764 -0.630174696445 0.560128 0.342759 1.05082 -0.05963728
dontCare -21.1819877625 -13.4211330414 0.133922219276 0.729152 0.336963 1.0098 -3.49565e-16
vehicle -22.6266326904 -22.4129333496 -0.0881918743253 1.68939 0.937467 0.82441 0.0
dontCare 24.8018226624 -23.3332118988 -1.01295685768 1.03635 0.702806 0.653533 1.032153e-15
