vehicle 11.257815361 8.51569461823 -0.609085977077 3.91102 2.12005 1.62988 0.6628757
vehicle -4.72541189194 3.26529812813 -0.597393751144 4.34365 2.04764 2.30524 -1.48182
vehicle -9.57492637634 1.53656876087 -1.08094608784 4.16603 1.81969 1.58472 -1.948702
vehicle -10.8447551727 5.49355363846 -0.388166993856 6.38214 2.17161 2.5634 -2.319169
vehicle -13.2052373886 -3.6361989975 -1.07363903522 4.17936 1.9056 1.44746 -2.087626
vehicle -15.8944606781 -1.23564350605 -1.10954737663 3.29841 1.75959 1.51569 -2.055149
vehicle -16.5520706177 -9.75393390656 -0.776952564716 4.54033 1.81499 1.9835 -2.011298
vehicle -18.5003852844 -7.58225822449 -0.942624151707 2.05846 1.70354 1.74195 -2.000786
vehicle 21.8797912598 38.3231124878 -0.553025305271 4.11475 1.70493 1.72385 -2.503364
vehicle 5.01943969727 -14.7055091858 -0.425273925066 4.37493 2.02977 1.82543 1.443675
cyclist 11.4563541412 -18.8936252594 -0.191797181964 1.66297 0.867616 1.50482 0.7748789
cyclist 47.84192276 6.51963329315 0.712927103043 1.35828 0.827367 0.929296 -2.442845
vehicle 5.2629609108 -39.7966194153 0.0801613628864 4.12297 1.86028 1.48726 2.281151
vehicle 2.73225522041 -46.2602424622 0.423863172531 4.28476 1.65459 1.50512 2.297411
vehicle 12.3439559937 -49.0499954224 0.51247048378 1.18092 1.61656 0.917063 2.384628
vehicle 12.7323980331 -58.3948898315 1.57991564274 7.15851 2.56094 2.66771 2.253418
vehicle -8.35284805298 -53.7750968933 0.146964743733 3.61289 1.44187 1.75059 2.550926
pedestrian -20.9845905304 -51.3659896851 -0.30286937952 0.782519 0.461692 1.41755 0.120933
pedestrian -31.2486515045 -47.0807228088 -0.317297309637 0.430846 0.383619 1.45688 -1.246338
pedestrian -30.6130447388 -49.3388824463 0.0266823209822 0.361871 0.458576 0.776845 -1.339086
pedestrian -30.0945911407 -50.5914115906 -0.342754870653 0.295026 0.643029 1.51915 -1.705191
vehicle -29.2782115936 -20.1983757019 -0.776412189007 2.16707 0.81124 0.960501 -2.351379
vehicle -33.4439353943 -25.0786075592 -1.07335162163 4.02847 0.902825 1.34348 -2.190807
vehicle -38.7570915222 -29.9543762207 -0.94674038887 2.00972 1.47505 1.46976 -2.913064
vehicle 8.15127277374 -52.8632698059 0.963953495026 2.02113 1.72146 0.712807 2.261453
vehicle -10.1554822922 33.6464271545 -0.820464789867 21.925 3.38866 3.38047 -2.473212
vehicle 2.28043985367 49.5240707397 -0.761435389519 8.7866 2.28128 2.82921 0.6509638
vehicle -6.22428607941 42.8415679932 -0.12364269793 7.69172 2.12117 2.89801 -2.420895
vehicle -21.4751873016 -53.0721359253 -0.167524635792 2.28785 0.845728 1.15806 -0.505941
cyclist -58.9167709351 7.50823450089 -2.45046615601 1.04204 0.308623 1.58008 -1.50561
cyclist -57.6538658142 2.16596841812 -2.55350208282 1.25532 0.681673 1.20376 -2.075366
