vehicle 16.0681991577 44.6275749207 -0.996822834015 3.70729 1.84523 1.11225 -1.524924
vehicle 15.4686326981 50.5267066956 -1.15561962128 4.01516 0.932112 0.780917 -1.524924
dontCare 15.4329929352 55.405330658 -1.11333847046 0.436207 0.199042 0.404696 -1.524924
vehicle 26.6455802917 32.6042480469 -1.12261462212 4.03392 1.77499 1.63744 1.660195
dontCare 34.3184089661 46.581817627 -1.58283138275 1.69186 0.163946 0.725602 -1.516457
vehicle 35.1655540466 37.9622688293 -1.53598606586 2.1522 1.74139 1.01551 -1.514375
vehicle 35.5838623047 31.6347961426 -1.53892612457 4.01344 1.67989 1.29505 1.900851
vehicle 37.5010223389 26.0116043091 -1.57166361809 3.96702 1.74529 1.44462 -1.134181
vehicle 41.2631912231 22.098482132 -1.72821867466 4.37485 1.82356 1.27634 2.436468
vehicle 45.8821334839 18.0131969452 -1.68279838562 4.30263 1.63052 1.52134 2.524814
vehicle 52.7135162354 15.9445199966 -1.71065545082 4.35104 1.65034 1.28544 2.996639
vehicle 38.0611686707 -42.9494094849 -0.668417811394 3.91848 1.70337 1.78518 1.606234
vehicle 37.0237770081 -36.9938964844 -1.03027534485 3.12273 0.213585 0.698511 1.578634
vehicle 42.588092804 -9.24254989624 -1.46354591846 3.8306 1.71579 1.45391 0.6631171
vehicle 47.1996612549 -5.76561832428 -1.66664838791 4.10009 1.34985 1.2056 0.5723488
vehicle 53.218952179 -3.43695306778 -1.63178563118 3.29492 1.71371 1.32043 0.1825295
dontCare 57.5710105896 -2.1454000473 -1.64156830311 1.17867 0.406968 1.10272 0.1825295
vehicle 27.2521247864 -9.95487880707 -1.11006104946 4.25169 1.99736 1.37246 -3.003271
vehicle 27.4766235352 -12.5330696106 -1.13208663464 3.9151 1.85269 1.36016 -3.050424
vehicle 27.2237033844 -15.1158027649 -1.00964462757 3.52026 1.74775 1.4465 3.100491
vehicle 27.4284725189 -18.0522098541 -0.920757353306 3.15622 1.81414 1.50859 3.100491
vehicle 27.3283748627 -20.5930137634 -0.874425888062 3.69918 2.16377 1.37801 -3.12036
vehicle 27.5366325378 -23.9099063873 -0.543685913086 4.25701 1.8107 1.09357 3.074094
pedestrian 27.7921466827 21.4210929871 -1.12369859219 0.450137 0.606367 1.51128 -3.094476
pedestrian 27.8156394958 20.5444335938 -1.11731493473 0.602203 0.598278 1.52155 -3.094476
vehicle 7.85641479492 14.233915329 -0.839505672455 5.14143 2.05656 1.93394 -2.60885
vehicle 6.55489492416 16.8800144196 -0.938663721085 2.92093 1.19193 1.21825 -2.220837
vehicle 2.90491247177 14.269411087 -1.00828897953 4.31638 1.28996 1.54333 -3.052539
vehicle -2.98766899109 13.2670869827 -1.05259430408 3.55403 0.416566 0.800868 -3.052539
vehicle -8.91244029999 13.5827217102 -0.657128274441 4.33384 1.79193 1.48972 -3.134987
vehicle -15.6573095322 13.2795820236 -0.447450518608 4.50313 1.87875 1.46926 -3.084407
vehicle -22.1512145996 13.2909965515 -0.0705695599318 3.82831 1.90077 1.64485 -3.057728
vehicle -28.0079479218 13.1296310425 0.225551784039 3.66838 1.72516 1.55086 -3.087819
vehicle -32.6548576355 12.9959907532 0.340836018324 1.91867 1.74587 1.56584 -3.087828
vehicle -0.430339604616 4.89849376678 -0.67525434494 4.01118 2.13354 1.84263 -3.082239
vehicle 13.5437116623 3.21308302879 -1.05820286274 3.16915 2.01449 1.45887 0.2224525
vehicle -55.1431045532 -6.22808647156 1.66093969345 1.91347 0.874363 1.40877 0.0
vehicle -50.6568756104 -6.35735321045 1.35352516174 2.85062 1.34378 1.55756 3.141592
vehicle -44.5321884155 -5.93889284134 0.787843585014 4.11839 0.977029 1.05986 0.0
vehicle -30.5048522949 -5.47377347946 0.346496611834 3.83998 1.43808 1.34179 9.994768e-17
vehicle -24.2166976929 -4.91045427322 0.0473775491118 3.92619 0.990563 1.35532 -3.12262
vehicle -18.1365337372 -5.16246461868 -0.202032878995 4.57307 1.80225 1.47318 0.03383371
vehicle -11.3149108887 -4.65247535706 -0.491781175137 4.21897 1.70864 1.49683 0.03383371
vehicle -5.7139043808 -4.40970849991 -0.616608679295 4.65748 1.88052 1.77862 0.09598936
vehicle 0.59624516964 -4.6849937439 -0.896521091461 4.01393 1.77493 1.61112 -0.1813726
vehicle 7.35538005829 -6.48080015182 -1.00235629082 3.86978 1.70345 1.50387 -0.6332131
vehicle 14.265255928 -12.0639047623 -1.02183425426 3.37582 1.48071 1.44666 -1.210998
vehicle 18.5922889709 -23.1300258636 -0.869707167149 4.09264 1.78678 1.4288 -1.474982
vehicle 18.9844970703 -28.7507629395 -0.924902558327 3.53865 1.79781 1.13671 -1.528259
vehicle 18.8765182495 -35.0349578857 -0.425211071968 4.08177 1.56132 1.24622 -1.528259
vehicle 19.0501747131 -41.2851600647 -0.554031252861 4.18369 0.8415 0.82583 -1.558347
vehicle 19.2582263947 -47.354019165 -0.102895401418 4.32546 1.34983 1.14772 -1.558347
dontCare 19.5570468903 -52.0027198792 0.219488605857 0.585247 1.19508 1.1889 -1.558347
