vehicle -35.6517105103 22.5817298889 0.821194946766 4.76302 1.67309 1.60434 -0.7888697
vehicle -40.8858642578 15.7097396851 0.982084214687 1.17853 1.42043 0.808162 2.352723
vehicle -35.1356010437 14.4465284348 0.782914400101 2.09706 1.26386 0.977927 -0.7888697
vehicle -42.3318786621 7.47649431229 0.708157062531 2.91068 2.03978 1.36732 -0.7256427
vehicle -17.6603927612 8.24357509613 -0.11204393208 4.34216 1.87746 1.79623 -0.7950621
vehicle -20.0335998535 6.29229736328 -0.159145653248 4.31075 1.69369 1.53591 -0.8377317
vehicle -26.8468170166 6.27703714371 0.14302097261 2.91911 1.59395 1.58169 -0.7835626
vehicle -9.12091255188 -0.221114903688 -0.650966703892 4.48411 2.04664 1.5821 -0.7187028
vehicle -14.8036003113 -12.5809993744 -0.527381956577 4.58736 0.944132 1.46001 -0.8561636
vehicle -36.8207092285 -25.5537624359 0.208589598536 3.92785 0.797441 0.912615 -0.6957518
vehicle -27.1402130127 -25.2678279877 -0.0279012713581 1.63861 0.457913 0.766179 -0.8460995
vehicle -18.2563514709 -16.2955112457 -0.0836982950568 2.6112 0.967977 0.793569 -0.8110377
vehicle 4.00599813461 7.92227363586 -0.554240822792 4.5875 1.88404 2.09505 0.752627
pedestrian 2.49343490601 5.36044406891 -0.748632788658 0.738065 0.499643 1.67316 0.7526314
vehicle 6.95478868484 2.58021616936 -0.743271052837 2.02877 1.14356 1.8722 0.3648604
pedestrian -9.61395168304 -17.0272369385 -0.866369128227 0.448319 0.501976 0.829299 -2.434237
pedestrian 37.9832344055 27.5347442627 -0.590014338493 0.383459 0.302884 0.889261 -0.7543409
vehicle -32.2665252686 -29.9504776001 0.471414357424 3.00825 1.64599 1.39746 -0.7143329
vehicle -7.65641117096 -5.7807674408 -0.784216284752 3.53604 1.65689 1.48585 -0.8291342
vehicle -21.5630073547 12.4699468613 0.00426428299397 4.45715 1.40284 1.57964 -0.795568
vehicle -25.7530384064 0.63209438324 0.363723069429 4.62314 2.00603 1.53562 -0.7944974
vehicle -31.9851150513 -5.22619199753 0.20760679245 4.42894 0.724424 0.661987 -0.7089424
vehicle -50.7186775208 -26.0087051392 0.557342886925 2.3853 0.963146 0.405893 -0.9049789
vehicle -29.3902683258 20.796836853 0.401102244854 3.43892 1.5765 1.63135 -0.8177314
vehicle -52.8624420166 -2.72140622139 0.529461443424 3.40947 0.197937 0.352395 -0.7908954
vehicle -15.8558921814 -5.47553443909 -0.411561906338 4.09053 1.82129 1.65287 -0.7561363
vehicle -11.1846208572 -2.21184015274 -0.61287689209 3.77333 1.75647 1.53446 -0.7314807
