vehicle -16.0526981354 22.5156402588 -0.34360486269 3.87906 1.58512 1.06774 3.141265
vehicle -0.145842000842 25.0116081238 -0.730441868305 2.11073 1.02979 0.633435 3.141592
vehicle -1.38272404671 22.3790988922 -0.707915902138 2.45235 1.09158 0.731352 3.114134
vehicle 5.36531829834 21.8994235992 -0.891963422298 3.02924 0.929095 0.871852 3.141592
vehicle -14.5673408508 24.7743778229 -0.00720578059554 0.692679 0.671752 1.47807 -3.11904
vehicle -6.6809797287 19.7123966217 0.112516321242 9.44069 2.58538 2.13191 3.141592
vehicle 2.15264868736 19.5230827332 -0.974524497986 4.6737 1.86423 1.40397 3.141592
vehicle 6.80080652237 16.5926589966 -0.545996963978 4.11942 1.78184 0.880554 3.136156
vehicle 11.0162687302 19.296251297 -0.867454051971 1.30469 0.915269 0.574885 3.141592
vehicle 8.4347858429 27.0932788849 -0.794848918915 0.569568 0.170664 0.193501 3.141592
vehicle 15.4819946289 19.4726200104 -0.679928004742 3.74023 1.61142 1.09567 3.141592
vehicle 15.0932855606 22.8374977112 -1.05615794659 1.7301 1.52865 0.85529 -2.784326
vehicle 15.6187772751 25.2245140076 -0.819687306881 2.33572 1.30409 0.596327 -3.05477
vehicle 23.2991123199 24.7107887268 -1.30150139332 1.35239 0.285114 0.442648 -3.089459
vehicle 24.2669715881 22.543296814 -1.06297898293 3.91161 1.83857 0.83791 -3.126146
vehicle 32.7913017273 25.1802806854 -1.28458249569 4.44714 1.55939 0.851588 3.141592
vehicle 26.0108776093 27.61769104 -1.04127013683 0.932826 0.141793 0.495122 2.966736
vehicle 32.0174064636 27.3645000458 -1.28930771351 1.59003 0.260568 0.321017 3.141592
vehicle 41.6193199158 24.2914428711 -1.65268003941 0.795213 0.293386 0.655816 3.141592
cyclist -31.4528598785 7.47111845016 0.906345069408 0.409329 0.27 0.360697 -0.3659684
vehicle -21.8815364838 5.24959039688 -0.22713239491 4.2842 1.87759 1.41815 -0.4764296
vehicle -4.55879592896 3.61926555634 -0.49614405632 5.1374 1.98919 2.11722 -0.05255202
vehicle 8.46949958801 5.0005364418 -1.05970025063 4.2758 1.74509 1.4721 0.001346694
vehicle 37.3332672119 6.09319400787 -1.44439077377 4.65976 1.90568 1.39731 -0.04512739
vehicle 29.1652336121 0.160565286875 -1.08626079559 4.36294 1.70891 1.71529 0.0
vehicle -1.62108695507 50.4732284546 1.51060390472 3.91633 1.89971 2.48342 1.065281
vehicle -52.5219230652 -8.52554988861 1.1740077734 3.025 1.71407 1.04561 0.8376783
vehicle -40.0410957336 -17.0675201416 0.865791082382 1.56232 0.371046 1.61158 -0.4095516
cyclist -34.0754470825 -15.48325634 0.556576669216 1.27358 0.653385 0.517419 0.05904091
vehicle -28.224571228 -19.3068084717 0.817263305187 5.43527 1.31618 2.41586 1.596099
cyclist -31.4648952484 -15.2037334442 0.519298374653 1.32693 0.366518 1.28923 0.08641887
cyclist 0.308080285788 -18.2731704712 -0.614851057529 1.47298 0.321481 0.947712 0.04293221
cyclist -1.30403232574 -15.8412342072 -0.584324836731 1.54405 0.706543 1.34233 -2.519135
cyclist 0.209878087044 -15.2215299606 -0.767695069313 1.35813 0.349592 0.646504 0.2185833
pedestrian -0.47108399868 -14.9588813782 -0.540907740593 0.531567 0.316583 1.27383 -0.1442914
vehicle 13.7877063751 -20.3084888458 -0.539355993271 4.87648 1.79824 1.98069 -0.06329452
dontCare 18.2673740387 -21.6138820648 -1.06740891933 1.08379 0.395139 0.752715 -0.2570647
vehicle 25.2583255768 -20.1398601532 -1.16088557243 3.37969 1.36522 1.06866 0.03909055
cyclist -35.9897117615 -13.5384044647 0.546938121319 1.27238 0.462924 0.979119 -0.9952403
cyclist -36.6007575989 -11.2991018295 0.453693002462 1.68167 0.569514 0.75732 -1.628471
vehicle 8.25580406189 25.06549263 -0.847265005112 1.4043 1.48362 0.532568 -3.104035
pedestrian 7.0701751709 -19.9494094849 -0.491473376751 0.494206 0.540369 1.32616 -0.02490418
