vehicle -56.5902519226 -9.46585559845 -0.392425358295 10.8057 3.11476 3.359 0.02522161
vehicle -24.1223468781 -3.46681642532 -1.07125294209 4.39975 2.15922 1.53887 0.02522162
vehicle -23.9770565033 -6.57235574722 -1.06430065632 4.118 2.03451 1.52037 0.02522162
vehicle -13.4733142853 -6.39916181564 -1.04627406597 4.35766 1.97245 1.42458 0.02522164
vehicle -5.31119060516 -5.66437768936 -0.952735304832 4.12383 1.83517 1.5114 0.02522167
vehicle -1.23554253578 -8.45725631714 -0.792297005653 3.73407 1.85507 1.25014 0.02522172
vehicle 1.91061866283 -5.56618213654 -0.761345267296 4.34101 1.89463 1.27108 0.02522184
vehicle 0.584955394268 -2.68934702873 -0.737363159657 4.34529 1.94133 1.07112 0.02522206
pedestrian -54.7408714294 23.7226314545 -1.58808171749 0.592576 0.334696 1.12521 0.02522251
vehicle -28.1130962372 19.8447971344 -1.43605268002 4.31795 1.67285 1.51102 -3.124736
vehicle -13.4032268524 19.2683334351 -1.31511557102 4.14685 1.65049 1.39945 3.070431
vehicle -0.066887922585 17.4668960571 -1.02365672588 3.78814 1.72808 1.4751 2.583982
cyclist 15.9242858887 23.1500263214 -0.744795918465 1.69494 0.67562 1.45896 -3.098283
cyclist 16.7670497894 8.27874565125 -0.466825067997 1.61625 0.702895 1.55249 -1.639624
vehicle 33.0318145752 8.48824977875 -0.100701138377 4.07441 1.69947 1.34298 0.5302925
vehicle 24.8416919708 3.83450627327 -0.235341563821 3.83399 1.28514 1.447 0.468028
vehicle 22.2862968445 -1.84648823738 -0.162440255284 2.37963 1.54632 1.76538 0.03132979
vehicle 18.365940094 1.57114434242 -0.321337878704 3.0323 2.15396 1.69323 0.1279052
pedestrian 6.48075914383 -17.2039489746 -0.434510231018 0.744233 0.570351 1.73087 -3.008686
cyclist 20.8362522125 -15.8295516968 -0.2440174371 1.25163 0.711654 1.50351 2.708502
vehicle 14.9940948486 -27.5113544464 -0.204484120011 4.16474 1.69835 1.50534 -1.424541
vehicle 16.1018753052 -43.9734382629 1.09991395473 11.7301 2.7401 3.45248 -1.582345
vehicle 24.9163970947 -51.3014450073 0.870808839798 2.74721 1.64657 1.07732 1.559248
vehicle 27.5513286591 -40.967502594 0.662001729012 2.05164 1.5403 1.15038 1.559248
vehicle 24.4573059082 -40.0786209106 0.466957598925 3.50804 1.43148 1.49512 1.559248
vehicle 24.7474346161 -33.7017555237 0.256041884422 4.29606 1.76839 1.74972 1.601618
vehicle 24.7242355347 -27.2262783051 0.296213537455 5.22458 2.17593 1.93978 1.559248
vehicle 27.6270427704 -26.9102668762 0.211706221104 3.87703 1.8594 1.6656 1.559248
vehicle 31.0730037689 -27.900554657 0.292698413134 2.26929 1.51943 1.61785 1.559248
vehicle 34.5072975159 -27.7630691528 0.103099681437 2.35916 1.55417 1.16073 1.559248
vehicle 34.4054794312 -36.6272506714 1.97726225853 4.20759 1.69401 0.453969 1.559248
cyclist 45.7783126831 -22.702413559 0.662466108799 1.53348 0.453099 1.22669 1.007389
cyclist 48.6357955933 -20.7518672943 0.686030805111 1.29641 0.578884 1.2446 0.8333907
pedestrian 51.3381652832 -15.2891969681 0.693849146366 0.59824 0.344356 1.25412 -2.201574
cyclist 51.3908615112 -10.7816038132 0.856567025185 1.58058 0.731396 1.59116 -0.8877664
cyclist 20.7365131378 26.5821628571 -0.576555669308 1.69275 0.654771 1.48901 1.673691
pedestrian 22.2320156097 27.7364234924 -0.555564761162 0.670801 0.584759 1.79932 1.673691
cyclist 25.5405292511 26.9096698761 -0.455160409212 1.01977 0.708571 1.6105 1.673691
vehicle 15.3876495361 40.7511329651 -0.395374417305 8.97825 3.73039 2.62454 -1.57525
cyclist 28.5452537537 33.4115257263 -0.554146528244 1.76622 0.524266 1.38913 2.823367
pedestrian 25.6480331421 36.184387207 -0.558901011944 0.435425 0.517238 1.39269 2.823367
vehicle 26.4397850037 37.5213546753 -0.482235431671 3.8307 1.45682 1.70083 2.803504
cyclist 11.3260583878 35.3510322571 -0.925986230373 1.42268 0.71142 1.16008 3.084444
vehicle -28.4809455872 39.582660675 -1.73482942581 4.60567 2.08716 1.39726 3.092342
vehicle 32.5348205566 39.5994033813 -0.268154263496 2.46546 1.12094 1.93536 -2.805279
cyclist 34.9701309204 33.7698364258 -0.251510471106 1.71952 0.4268 1.26056 -1.654828
cyclist 35.9202423096 33.7793922424 -0.233717784286 0.992817 0.771383 1.22902 -1.654827
vehicle 37.5881195068 27.7998409271 -0.263291716576 4.33556 1.85935 1.28117 -2.256716
pedestrian -22.8059654236 39.808216095 -1.59982383251 0.294811 0.228476 1.17815 0.01912279
vehicle -10.9892902374 -30.2190628052 1.61539101601 2.16723 1.99538 0.541193 0.06793778
vehicle -41.0580635071 38.8662643433 -1.88271319866 3.50652 1.5148 1.14428 0.003364569
vehicle -44.1718444824 -20.2157669067 1.79732441902 0.471755 2.25582 1.61336 9.525636e-16
pedestrian -20.9515209198 38.0209465027 -1.8598613739 0.482736 0.87145 0.902779 0.06281251
cyclist -14.8816165924 34.5851325989 -1.51657557487 1.59278 0.735981 1.11547 0.02100849
cyclist -13.3437376022 35.2830581665 -1.49593341351 1.68692 0.705539 1.05587 -2.942337
