vehicle -40.0492477417 28.7487239838 0.661000669003 2.98697 0.961397 1.24217 3.094392
vehicle -24.4115009308 21.5897426605 0.0426158457994 1.652 0.398604 1.03047 3.139841
vehicle -4.58278226852 -5.87712335587 -0.491381347179 4.60863 1.82614 2.12135 -1.569265
pedestrian -5.03996181488 -10.8264341354 -0.47640812397 0.526007 0.672463 1.84527 -1.569265
pedestrian -4.01165962219 -2.86535358429 -0.712545514107 0.561092 0.646815 1.63732 -1.569265
vehicle -10.9244737625 -4.75353813171 -0.346937149763 3.0721 1.15189 1.81522 -1.970017
vehicle -6.24211645126 12.1622829437 -0.7289249897 3.47198 1.83627 1.44051 3.069359
vehicle 0.185838162899 11.9917926788 -0.828713476658 2.65158 1.23356 1.27807 2.935615
vehicle -1.26059472561 9.10371589661 -0.908250689507 4.44175 1.8488 1.48183 -3.063665
vehicle 0.636175453663 17.8162746429 -0.595024466515 3.01756 1.75502 1.15591 -3.063665
vehicle -6.07312202454 22.3096961975 -0.658693015575 4.69099 1.57163 1.42116 3.056329
vehicle -4.67721414566 27.2277317047 -0.518517911434 2.29049 1.40961 1.05445 3.127262
vehicle -4.05013275146 39.7602157593 -0.616095125675 2.15341 0.829838 1.0205 -3.089453
vehicle -3.09794807434 42.3613395691 -0.552286326885 0.850208 0.666071 0.846725 -3.089453
vehicle -0.185281738639 46.7809143066 -0.478119373322 3.95374 1.10464 1.2144 -3.089453
vehicle -2.54197263718 49.2348442078 -0.942346692085 0.48737 0.424784 0.394634 -3.089453
vehicle -0.809832692146 52.4221572876 0.0601046346128 3.26888 0.290969 0.731896 -3.089453
vehicle 10.6573781967 9.29928684235 -0.985257565975 4.37913 1.83815 1.70761 -3.122001
vehicle 16.3977394104 9.32449626923 -1.27126681805 4.90623 1.98187 1.40588 -3.122001
vehicle 10.6275053024 12.353562355 -1.10654711723 3.6822 1.77112 1.46691 -3.122001
vehicle 16.4071388245 17.2983207703 -0.348108321428 3.32963 1.84121 0.765183 -3.122001
vehicle 10.9573287964 20.4181957245 -0.934609830379 4.65417 1.90925 1.67311 -3.122001
vehicle 10.9727306366 29.404624939 -0.801420152187 4.2352 1.71571 1.5397 -3.058098
vehicle 10.4421033859 46.3001174927 -0.783756971359 1.23287 0.646723 0.594884 3.102076
vehicle 11.7232217789 43.1385421753 -0.720381557941 4.45893 1.5719 1.14677 3.102076
vehicle 9.94070148468 56.9590187073 -0.445677608252 2.85357 1.11361 1.08942 3.107387
vehicle 10.791929245 51.8577194214 -0.572978019714 3.0177 0.823796 1.36795 3.107387
vehicle 27.7964839935 8.8112154007 -1.38132381439 3.43988 1.62389 1.32858 3.116469
vehicle 27.7456550598 12.4172592163 -1.29179573059 4.08651 1.87908 1.46832 3.139598
vehicle 32.9518470764 12.1492586136 -1.07105839252 4.14422 1.90566 1.73559 3.139598
vehicle 28.0414924622 17.2432231903 -1.24729192257 3.44259 1.61293 1.20538 3.139598
vehicle 32.6893424988 20.5937213898 -0.916624009609 1.93264 1.21586 0.762533 3.139598
vehicle 28.7264995575 23.23188591 -0.64894592762 1.32252 1.14612 0.328378 3.139598
vehicle 28.6674900055 26.5003070831 -0.715628266335 1.73278 0.633635 0.345583 3.139598
vehicle 27.2041225433 36.8593292236 -1.01186072826 3.51805 1.83513 1.2516 -0.001994673
vehicle 27.0941963196 33.0385627747 -1.19107115269 0.780036 1.0424 0.5875 3.139598
pedestrian -1.04490542412 1.17875826359 -0.443795382977 0.758373 0.208362 0.548825 2.139888
vehicle 28.5286312103 41.7284622192 -1.47625935078 0.800406 0.637827 0.646078 -3.122549
