vehicle -4.5685172081 -5.82334709167 -0.485215067863 4.69509 1.71695 2.11097 -1.586014
pedestrian -4.53193235397 -3.46318173409 -0.847859740257 0.852645 0.529002 1.37742 -1.536473
pedestrian -2.74089932442 -5.19368934631 -0.655643939972 0.536675 0.857399 1.86302 -2.093697
vehicle -10.9390029907 -4.73767518997 -0.352260828018 3.04272 1.12551 1.9652 -1.98036
vehicle -24.4484977722 21.6442909241 0.103756852448 1.78118 0.329335 0.908619 -3.02441
vehicle -40.0076789856 28.6110668182 0.650834321976 2.77948 0.768978 1.25376 -3.107858
vehicle -1.22272276878 9.11380290985 -0.904766023159 4.49561 1.82027 1.54445 -3.061187
vehicle 0.183467045426 12.0010223389 -0.794970691204 2.67287 1.24808 1.31892 2.919544
vehicle -6.25122308731 12.1102571487 -0.736337602139 3.48295 1.761 1.45799 3.064442
vehicle 0.623531758785 17.8620796204 -0.633311271667 3.04619 1.68721 1.23305 -3.085528
vehicle -6.11875867844 22.3280906677 -0.68675661087 4.74159 1.61886 1.47688 3.059155
vehicle -4.66105985641 27.244556427 -0.509924054146 2.42457 1.44362 1.0371 3.140942
vehicle -4.99805402756 39.73254776 -0.479289710522 4.04485 0.963582 1.25179 -3.070734
vehicle -3.45391201973 42.5255279541 -0.523316025734 1.52922 1.06148 1.32731 3.099749
vehicle -0.213771432638 46.8134040833 -0.493750274181 4.01124 1.00194 1.24522 -3.072195
vehicle -0.89083468914 52.3651123047 0.0557685084641 3.26948 0.318789 0.740128 -3.100494
vehicle 10.3831787109 56.8808097839 -0.477046847343 3.62542 0.900393 1.13572 3.107131
vehicle 10.7872076035 51.9689979553 -0.399348109961 2.78294 0.780372 1.0205 -2.956465
vehicle 10.345916748 46.3850860596 -0.789849936962 1.51347 0.844493 0.606689 -3.073617
vehicle 16.9586334229 39.9049835205 -0.591907262802 3.01051 0.905969 0.911903 -3.100201
vehicle 11.0063734055 29.4057178497 -0.939968943596 4.29756 1.76401 1.42453 -3.086083
vehicle 10.9248800278 20.4092941284 -0.846760451794 4.60259 1.91385 1.76756 3.120313
vehicle 10.6122503281 12.3534708023 -1.09104561806 3.64468 1.72693 1.43353 -3.119974
vehicle 10.6614494324 9.34630298615 -1.00517845154 4.38633 1.88625 1.74661 -3.138978
vehicle 16.545873642 9.35729312897 -1.22806847095 5.16964 2.04697 1.52399 -3.130171
vehicle 16.1622562408 17.184797287 -0.346658587456 3.86543 1.57066 0.764273 -3.103322
vehicle 27.2167987823 36.9285316467 -0.893113851547 3.55909 1.91574 1.48111 0.03431058
vehicle 27.0322093964 33.0337524414 -1.1962441206 0.518786 1.14776 0.51219 -3.129367
vehicle 28.8498134613 23.2193660736 -0.661232233047 1.30128 1.22541 0.347054 -3.036448
vehicle 28.0365772247 17.2336158752 -1.25723314285 3.44845 1.44384 1.25765 3.124221
vehicle 27.7694206238 12.508263588 -1.27967810631 4.06523 1.99243 1.44122 -3.113453
vehicle 32.5617828369 12.2158851624 -1.13965892792 3.49831 1.94067 1.60365 3.116852
vehicle 27.8268146515 8.72960853577 -1.46580052376 3.49483 1.6391 1.21881 3.104537
vehicle 32.6588783264 20.734079361 -0.918378651142 1.84926 1.14409 0.756849 3.132068
vehicle 28.5463638306 26.5632095337 -0.712795436382 1.83448 0.421983 0.342623 -3.01971
vehicle 11.7534303665 43.0276985168 -0.677191495895 4.52825 1.27763 1.1686 3.125165
vehicle -2.5523211956 49.1557884216 -0.939789772034 0.310247 0.260736 0.390604 -3.134797
