vehicle -5.63044548035 25.7748661041 -0.560595333576 3.80911 1.62601 1.16871 -3.111787
vehicle -42.9769439697 24.1052532196 -1.06310904026 4.10365 1.46132 0.695176 -3.077811
vehicle -24.6763706207 21.9390773773 -0.837311863899 3.36828 1.51287 0.482568 -3.069584
vehicle 20.271194458 23.1175079346 -0.455115795135 5.65906 1.76424 1.51087 -3.092212
vehicle 34.0613632202 26.2212657928 -0.217373386025 3.77385 1.59291 1.13632 -3.088029
vehicle 52.2158164978 23.2901477814 0.356928497553 0.998905 1.48937 0.733302 -3.116997
vehicle -5.09920930862 3.17304086685 -0.845317006111 4.41088 2.08959 1.6954 0.01222178
vehicle 51.2149391174 4.69993066788 0.626117169857 3.27041 1.52849 1.24364 0.0002700263
vehicle 47.3283805847 1.71126484871 0.587228655815 1.19189 1.69959 1.13661 0.01736345
vehicle -36.3657722473 -16.6090373993 -1.09775590897 3.23968 1.86708 1.14939 -3.133305
pedestrian -36.7616271973 -18.5827560425 -1.12599551678 0.368689 0.439286 1.07719 0.008287594
pedestrian -33.400894165 -20.8071231842 -0.96250474453 0.689733 0.639734 1.19595 0.01096937
vehicle -20.5508003235 -19.1416492462 -0.972120344639 3.58165 1.43698 1.34175 -2.95605
vehicle -5.66676998138 -18.4312019348 -0.877421557903 4.75094 1.49323 1.47943 0.04919926
vehicle 14.1421260834 -12.2619438171 -0.466293036938 1.90188 1.72401 1.52487 0.02245812
vehicle 9.12125492096 -18.1021308899 -0.608219921589 1.75087 1.45119 1.33388 0.03228008
vehicle 0.260521888733 -14.7410793304 -0.404277890921 3.3181 1.54059 2.25867 0.03557197
dontCare -1.84107148647 -20.2598705292 -0.860862672329 0.0985915 0.21657 0.657172 -0.1564523
cyclist -4.37843322754 -25.2760887146 -0.793072521687 1.37832 0.543448 0.681265 0.04265957
cyclist 22.8802585602 -23.982635498 0.0743043720722 1.46409 0.514015 0.884562 -0.3483844
pedestrian -33.898979187 -24.4720096588 -0.915217578411 0.271883 0.44665 1.57003 -3.110861
vehicle -16.7266769409 -23.5052452087 -0.924765050411 1.7402 0.971571 0.806204 1.435167
cyclist -2.85626268387 -23.5566997528 -0.991157829762 1.87528 0.746052 1.03524 1.609231
