vehicle -19.4331245422 0.341957241297 -0.412710160017 3.57372 1.92493 2.67044 0.0
vehicle -38.0375289917 18.8568611145 -0.983524143696 1.20184 1.58698 0.538059 3.141592
vehicle -31.0319023132 24.7601470947 -1.0281714201 4.02367 1.72151 0.831194 3.141592
vehicle -22.0287494659 24.8017444611 0.00659819599241 9.81824 2.7247 3.14313 3.141592
vehicle -37.5809402466 24.8420410156 -1.18646335602 1.34291 1.10873 0.82179 3.141592
vehicle -45.1131591797 24.8834667206 -0.907740235329 3.0024 1.73939 1.24764 3.141592
vehicle -45.4784507751 22.2640705109 -0.760186672211 2.50275 1.48752 0.969613 3.141592
vehicle -45.7410888672 19.0707244873 -0.920538425446 2.19281 1.52576 0.650282 3.141592
vehicle -14.0232019424 6.40004730225 -1.03626942635 4.4039 1.94653 1.51849 0.01216055
vehicle -15.6101284027 -20.3619403839 -0.801707208157 4.62445 0.572766 1.58038 3.109258
vehicle -35.3403015137 21.6565151215 -1.04306697845 3.32853 1.46065 0.77663 -3.132372
vehicle -37.8810691833 27.3944854736 -1.10428905487 1.64613 1.60094 1.11349 3.019233
vehicle 46.157459259 -19.9539642334 0.173131033778 2.9815 2.13409 0.412613 -0.01595282
cyclist -7.74342823029 -23.2820301056 -0.935117125511 1.48496 0.558336 1.03011 -2.982723
cyclist -5.23776483536 -23.2105369568 -0.989678919315 1.60747 0.984051 0.65251 2.705343
cyclist -3.00843715668 -19.6148223877 -1.00202786922 1.26409 0.356251 0.890664 -1.612927
vehicle -31.293806076 49.6101493835 1.67582941055 4.19671 1.31405 2.97404 -2.184861
