vehicle 45.7502822876 4.35498809814 -1.40821874142 2.36705 1.87054 1.46625 0.04049635
vehicle 38.6464042664 7.96816778183 -0.55413877964 7.65996 2.6206 3.22975 0.02623868
vehicle 8.8138885498 3.73598003387 -1.01982545853 4.27999 1.72013 1.45506 -0.002265393
vehicle 4.97453784943 -7.58550262451 -0.7460526824 4.3305 1.77093 1.81311 -0.3345466
vehicle -12.2187852859 3.15735435486 -0.218995794654 5.05612 2.01183 2.01057 0.03894114
vehicle -42.0292549133 1.54074859619 0.386654525995 3.88259 1.90757 0.904834 0.1434417
vehicle -43.377872467 5.76367092133 0.557050406933 3.66202 1.29596 1.15794 0.05844069
vehicle 26.6536331177 27.7239837646 -1.53331875801 4.3592 1.73357 1.54452 3.140798
vehicle -52.1882095337 20.9690189362 1.09634041786 3.25408 1.62106 1.09581 3.141592
vehicle -53.744140625 23.8169002533 0.672703146935 1.44762 1.24527 0.828474 0.01610869
vehicle -42.5806350708 23.8920326233 0.562372267246 1.12412 1.44626 1.26647 -3.125484
vehicle -42.9453353882 21.2155723572 0.49274045229 4.56066 1.82726 1.36307 -3.124994
vehicle -35.6871185303 24.0436992645 -0.0142502691597 1.07811 1.44031 1.1808 -3.124994
vehicle -34.939414978 21.4209518433 -0.0338105857372 3.94144 1.62951 1.17175 -3.070863
pedestrian -8.45791149139 -18.4226570129 -0.270643413067 0.778125 0.49637 1.64764 -0.4665136
pedestrian 0.113754868507 -19.9432201385 -0.594865441322 0.490306 0.558249 1.55988 -1.056585
pedestrian 0.2904124856 -20.4513053894 -0.628902733326 0.41346 0.475663 1.36122 -1.034093
pedestrian -3.27866101265 -20.7894573212 -0.527435958385 0.334464 0.391024 1.41035 0.04652877
vehicle 32.3802642822 -12.0611124039 -1.01628041267 3.11603 1.71928 1.5282 -0.008717448
cyclist -29.33543396 33.7955093384 -0.269701987505 1.23943 0.517721 1.1412 0.06792024
pedestrian 5.6378531456 -19.7908744812 -0.578861773014 0.554915 0.509406 1.27844 0.004189804
pedestrian 4.8779001236 -21.2033214569 -0.492844045162 0.48812 0.43607 1.35716 0.005461027
pedestrian 5.60660648346 -21.379360199 -0.588626146317 0.535173 0.314657 1.26858 0.03268255
vehicle 32.3424720764 -21.3441162109 -1.29938852787 2.25686 0.583759 1.13168 0.2208445
pedestrian 21.4853553772 -6.32386493683 -0.877644956112 0.481583 0.646324 1.57981 0.03869215
pedestrian 21.7859268188 -6.85175418854 -0.853107750416 0.463326 0.469931 1.52018 0.03869215
pedestrian 33.1346626282 -9.21117973328 -0.814227581024 0.401978 0.715835 1.01602 -0.006644127
pedestrian 28.9207572937 -5.74552106857 -0.945556044579 0.684293 0.672474 1.50082 -0.006644127
pedestrian 41.9485054016 -5.06317710876 -1.17863786221 0.57923 0.448009 1.57332 -0.01684744
pedestrian 22.2239360809 -21.6100921631 -0.790651023388 0.467564 0.331514 1.54184 0.205378
pedestrian 22.7716350555 -21.5723991394 -0.905584931374 0.522133 0.397085 1.35962 0.2237008
vehicle 6.42306518555 -20.9272937775 -0.785420060158 2.58345 1.08922 1.16322 2.982118
vehicle 16.3744659424 -21.0660095215 -0.962668597698 0.612893 0.791006 0.719424 -1.686069
cyclist 29.1959037781 -21.3529434204 -1.17848885059 1.47399 0.543668 0.933434 2.975516
vehicle -56.5017127991 5.28819227219 0.983042538166 1.11122 1.56203 0.757865 0.01695241
pedestrian 34.839176178 -5.91585254669 -0.929369568825 0.359403 0.405016 1.26546 -1.717654
pedestrian 34.8644676208 -5.33797216415 -1.03279089928 0.659605 0.356109 1.50277 -1.717654
pedestrian 34.3356933594 -6.096139431 -0.795835614204 0.446212 0.363572 0.667759 -1.648278
pedestrian 37.392288208 -4.96852588654 -1.32649171352 0.598582 0.451571 1.17914 -2.422995
vehicle -21.0744457245 50.9998130798 2.44129538536 3.29784 0.345026 1.16266 -3.092869
pedestrian 38.4542655945 -4.89576625824 -1.07888877392 0.16954 0.338432 1.48807 -3.134259
pedestrian 36.7375946045 -5.22837734222 -1.02346265316 0.380778 0.287364 1.42291 -3.045973
pedestrian 31.8332443237 -6.03379583359 -0.852816641331 0.204997 0.253296 0.931189 -3.024396
pedestrian 29.8470401764 -6.65736722946 -1.05317795277 0.375564 0.502606 1.3997 -3.090521
pedestrian 30.3316249847 -6.4455242157 -1.05217134953 0.447699 0.459341 1.3826 -3.090521
pedestrian 38.7070388794 -7.22584486008 -0.950922071934 0.260926 0.327515 1.213 -3.114434
dontCare 31.3707256317 34.1147880554 -0.498511254787 0.375352 0.194762 0.672352 0.08686029
