vehicle -9.41309452057 18.0838680267 -1.24581289291 4.23381 1.75724 1.47863 3.08901
vehicle -18.145690918 -11.5331602097 -0.86769592762 3.92452 1.74795 1.81846 0.003169196
vehicle 2.55743789673 -5.04815101624 -0.403483867645 8.70885 1.8131 2.25271 0.01635139
vehicle -19.1838722229 -0.781909704208 -0.555888295174 3.69651 2.12319 2.67278 0.01852333
vehicle -14.3627185822 -3.3897588253 -1.05963456631 4.4722 2.08818 1.48176 0.05289757
vehicle -6.63608121872 -3.14760255814 -1.00517702103 4.32346 1.99643 1.5193 0.0315644
vehicle 5.63564395905 -2.48299503326 -0.723057150841 3.50597 1.80498 1.65747 0.04519076
vehicle 6.26320886612 0.491460055113 -0.738856673241 3.14931 1.96306 1.5577 0.06896043
vehicle 38.5495109558 -23.6767845154 0.436382591724 0.427305 1.1567 0.800532 1.498043
vehicle 31.3442459106 -21.2429542542 0.283004522324 4.17227 1.71119 1.42374 1.590693
vehicle 28.6360988617 -7.91164398193 0.465018957853 5.99297 2.15704 2.38419 1.870791
vehicle 20.2144126892 -3.02069139481 -0.251927852631 4.49752 1.89073 1.58527 2.169848
vehicle 22.2681179047 4.46538829803 -0.2244027704 5.16262 1.78822 1.57085 2.273198
cyclist 23.5790348053 9.47410106659 -0.0404729992151 1.87305 0.575486 1.55025 1.824877
vehicle 10.8637132645 13.9401006699 -0.198808580637 6.32676 2.20874 2.36672 2.588393
vehicle 8.56229114532 10.3059263229 -0.470086872578 3.96127 1.85166 1.95799 2.588104
vehicle -1.02169263363 12.6008605957 -0.64248752594 4.67521 1.9947 1.40482 3.059809
vehicle -58.1209869385 10.7596902847 -1.55468785763 0.165533 1.22112 0.321557 -3.119395
cyclist 32.7575187683 18.2188453674 0.0524506792426 1.70315 0.860475 1.40959 2.04383
vehicle -25.5924243927 39.3768463135 -1.65196466446 4.86574 1.82602 1.84185 3.122936
cyclist -21.3604717255 36.6114120483 -1.19144225121 0.62575 0.400005 1.08068 3.132264
pedestrian -32.3518447876 36.5171318054 -1.82540333271 0.621624 0.470425 1.01291 3.132264
pedestrian -30.3577194214 37.2212905884 -1.68301796913 0.564046 0.254408 1.24185 -1.558615
pedestrian -30.3255329132 36.6673965454 -1.65831196308 0.463617 0.347677 1.22369 -1.558615
pedestrian -29.7979297638 40.4444160461 -2.04301857948 0.435218 0.347373 0.731255 -1.558615
pedestrian -41.412311554 37.2207107544 -2.29719805717 0.255252 0.37299 0.790652 2.984504
vehicle -41.3793907166 40.6479759216 -1.89707827568 2.52681 0.931419 1.18336 -3.104034
pedestrian -33.2838592529 41.4846343994 -2.00602126122 0.503326 0.439183 1.08164 0.04595003
dontCare -7.61887550354 42.6534118652 -1.61299061775 1.05275 1.15539 0.946568 0.4274022
vehicle 18.1439571381 40.7431297302 -0.416865468025 8.23977 2.67331 2.06642 -1.569878
vehicle 0.0265400782228 -2.72791790962 -0.638136684895 4.50856 1.93717 1.14205 0.03899832
dontCare -0.62683814764 14.0418434143 -0.273514151573 0.179471 0.234966 0.153245 -1.85824
