vehicle 26.6174850464 -4.56367683411 -1.05806446075 2.86869 1.63797 1.62205 -0.003545822
vehicle 21.3960075378 -4.20029783249 -1.07391536236 4.10365 1.63261 1.55892 -0.03918266
vehicle 15.6658592224 -4.69607210159 -1.12532496452 3.9241 1.52837 1.54934 0.01565904
vehicle 9.74768543243 -4.80189561844 -1.0029488802 3.74654 1.90623 1.60916 0.04149634
vehicle 22.2329063416 0.25317671895 -0.946212053299 3.13437 2.03578 1.99779 -0.02283861
vehicle -2.70578050613 -4.58824825287 -0.675550401211 4.67621 1.93269 1.83438 0.0415879
vehicle 33.3354682922 -5.91593885422 -0.579599618912 2.42402 1.27568 0.608136 -0.6072801
vehicle 40.2886161804 -10.4291200638 -1.00675368309 1.60179 1.25393 0.794487 -0.2675796
vehicle -36.2658576965 -5.02640295029 0.522600769997 3.82849 1.92966 1.37301 0.03638474
vehicle -41.6626434326 -4.90127325058 0.662655770779 3.77136 1.25271 1.31372 0.03372502
dontCare -54.2661972046 -4.81079864502 0.88404160738 0.603841 1.0657 0.393494 0.0202415
vehicle 32.0397987366 14.1513786316 -1.50048804283 3.62806 1.149 1.26744 0.3144128
vehicle 25.9923973083 13.6855335236 -1.53619492054 4.24382 1.71152 1.03738 -3.128079
vehicle 13.8196325302 13.8219165802 -1.15442299843 4.35273 1.7342 1.47805 -3.136898
vehicle 8.01673221588 13.672867775 -1.10004234314 4.70611 1.72752 1.52002 -3.121705
vehicle 2.0073800087 13.8271112442 -0.889005303383 4.05281 1.72411 1.54739 -3.129006
vehicle -6.44734716415 13.7399940491 -0.737374901772 4.24663 1.80043 1.47578 -3.128076
vehicle -14.7028408051 13.4356517792 -0.533256590366 4.39799 1.76514 1.41266 -3.138747
vehicle -21.563583374 13.5118198395 -0.167565569282 4.27933 1.99067 1.56519 -3.093844
vehicle -29.8776874542 13.7772254944 -0.182589322329 4.99398 1.67314 1.09347 3.042367
vehicle -38.4365348816 13.5308332443 0.945703327656 6.83001 2.2771 2.87782 3.138588
vehicle -47.518447876 13.0894536972 1.37944841385 7.60495 1.38965 2.76241 3.141592
vehicle 16.3283405304 19.922077179 -1.28014957905 3.09475 1.01646 0.79091 -0.001129286
vehicle 14.8093919754 10.803976059 -1.1798158884 2.17711 1.10057 1.48381 0.01582731
dontCare 29.9209880829 -15.2254638672 -0.775521039963 3.75655 1.08514 0.765153 -3.117157
