vehicle -23.1818943024 -0.716562688351 -0.241824343801 3.59217 1.86034 1.43653 0.03495936
vehicle -12.037694931 -4.53771591187 -0.472233057022 4.02755 1.7394 1.71413 0.03495936
vehicle -39.6163520813 12.9903259277 0.0875248089433 3.82937 1.49881 1.11906 -3.093225
vehicle -33.9530792236 13.6664209366 -0.303753405809 3.89423 1.82954 1.36591 -3.093225
vehicle -6.34673833847 14.2573375702 -0.909755825996 4.2043 2.01303 1.51523 -3.111832
vehicle 17.4459686279 17.5909042358 -1.2882450819 4.18069 2.05643 1.47561 -2.640807
vehicle 13.9922904968 -11.9774990082 -0.709266722202 4.25015 1.88161 1.59651 -1.49024
vehicle 52.5966529846 -26.9817829132 -0.189083203673 0.63139 1.4865 1.25067 -0.1789019
vehicle 55.2742156982 -23.2107181549 -0.330193400383 1.49935 1.57871 1.51238 -0.3232453
pedestrian 53.0006904602 -18.0744037628 -0.636994600296 0.41024 0.470543 1.43672 -0.384706
vehicle 53.8597297668 0.493176698685 -1.12894582748 4.26918 1.74 1.08105 -0.384706
vehicle 61.3696517944 -7.67316102982 -1.16100132465 4.09121 1.81211 0.908594 -0.384706
vehicle 52.2604064941 21.1114635468 -1.13883852959 2.20963 1.60559 1.74174 0.5856411
vehicle 56.1972846985 15.5083446503 -1.21663892269 2.85336 1.71787 1.08989 0.5856412
vehicle -6.77765226364 -4.31533288956 -0.731554269791 3.98254 1.99964 1.63693 0.06310832
vehicle -0.983479619026 -3.85026788712 -0.747662425041 4.42561 2.01286 1.76166 0.07337382
vehicle 3.98938417435 -3.44961881638 -0.916980981827 4.05463 1.98455 1.53036 0.06762417
vehicle 23.7326393127 -18.4281291962 -0.327030181885 2.49988 0.584444 0.923042 1.119566
vehicle 28.5425453186 -13.6239213943 -0.525766849518 4.44731 1.81103 2.1056 -1.065857
vehicle 43.3131904602 -25.4762859344 -0.0802640095353 4.53186 1.40787 2.22318 1.638649
vehicle 60.2212486267 -2.42984008789 -1.02260971069 4.1868 1.60793 1.44266 -0.5844558
vehicle 55.8773612976 18.0666809082 -1.16981875896 3.43645 1.69118 1.77301 0.6467745
vehicle 10.4788560867 14.8280010223 -1.19026958942 4.17536 2.17527 1.53813 -3.068531
vehicle -1.41301131248 14.5779953003 -1.00512576103 3.47438 1.6926 1.58029 -3.135344
vehicle -13.5486431122 14.0249843597 -0.632956266403 4.38927 1.69438 1.18746 -3.12507
vehicle -20.8763599396 13.8847303391 -0.574145913124 4.54469 2.26545 1.53316 -3.105766
vehicle 50.849395752 -28.0466327667 0.372617602348 1.40534 1.2323 0.788855 2.670897
vehicle 49.2439498901 30.2507133484 -1.47904729843 3.99209 1.36635 1.16861 -3.097744
vehicle 20.4714756012 30.3684883118 -1.21255099773 3.88788 0.731206 0.932903 2.671053
pedestrian 24.01130867 29.0441837311 -1.03639304638 0.5892 0.331033 1.04068 2.671053
