vehicle -6.24855852127 12.0596265793 -0.626002073288 3.45342 1.54829 1.46426 3.062254
pedestrian 0.673572361469 -2.74862742424 -0.596456050873 0.513473 0.504117 1.11628 3.062254
vehicle -4.59390926361 -5.86634492874 -0.468116700649 4.56318 1.92581 2.08366 -1.620522
vehicle -10.9799509048 -4.74411249161 -0.28779232502 3.09009 1.25305 1.84039 -1.980073
vehicle -1.19225585461 9.12048530579 -0.854637145996 4.49089 1.85743 1.54912 -3.061013
vehicle 0.146531268954 11.9794149399 -0.662198603153 2.77065 1.24155 1.20209 3.067631
vehicle 0.712775468826 17.8545703888 -0.523961305618 2.86191 1.6526 1.23904 3.123495
vehicle -6.05293273926 22.1441020966 -0.498946785927 4.61443 1.31963 1.38554 3.068704
vehicle -4.71463775635 27.2180957794 -0.341442853212 2.38122 1.41767 1.04394 3.136382
vehicle -4.04289245605 39.7791023254 -0.492546737194 2.13146 0.88153 1.27553 3.136382
vehicle -3.79786658287 42.2975158691 -0.169477909803 2.32611 0.454577 1.0332 3.136382
vehicle -0.143966689706 46.7775878906 -0.202034533024 3.94192 0.878927 1.21734 -3.052654
vehicle -1.79499483109 49.2674980164 -0.217425644398 1.89956 0.359495 1.26095 -3.130421
vehicle 10.6465110779 9.31705188751 -1.00076007843 4.3764 1.85083 1.73972 -3.130421
vehicle 16.4662380219 9.2230424881 -1.13123869896 4.70303 1.77579 1.32432 -3.130421
vehicle 10.6015510559 12.3431558609 -1.07263588905 3.63731 1.71563 1.40176 -3.11507
vehicle 10.9167127609 20.4013156891 -0.825328886509 4.61037 1.98669 1.73651 3.123769
vehicle 11.0572357178 29.4124088287 -0.773402035236 4.375 1.75824 1.49194 -3.040277
vehicle 11.8580446243 43.3577461243 -0.60348546505 4.52028 1.97064 1.46984 -3.137297
vehicle 10.2344999313 51.8977622986 -0.396190583706 1.79999 0.758426 1.00958 -3.072176
vehicle 27.8333835602 8.81465435028 -1.39979422092 3.52652 1.8183 1.43642 3.081703
vehicle 27.445192337 12.5089330673 -1.33282124996 3.7867 1.96635 1.49193 -3.095149
vehicle 32.168712616 12.3284797668 -1.29302144051 2.80015 2.07676 1.60869 -3.095149
vehicle 27.9305057526 17.184803009 -1.21732485294 3.2985 1.3763 1.17369 3.133001
vehicle 27.2726020813 36.8100166321 -1.05270504951 3.65154 1.59173 1.16851 3.13156
pedestrian -13.0151910782 21.4307861328 -0.290431380272 0.397117 0.501769 0.636362 2.257833
vehicle -0.949778556824 52.3525733948 0.36160543561 3.4042 0.14432 0.66004 -3.121882
vehicle 9.87668991089 57.0100860596 -0.28017783165 2.63916 1.28833 1.42934 3.110471
vehicle 27.0476512909 33.0597953796 -1.30732405186 0.349829 1.05936 0.302457 0.04434219
vehicle 17.2613735199 51.9967155457 -0.476861268282 1.78393 0.15712 0.391602 0.08316576
vehicle -24.4290275574 21.6595916748 0.325994461775 1.69256 0.389821 0.900109 -3.027161
vehicle -39.9240646362 28.6807003021 1.06850147247 2.82361 0.813741 0.924386 -3.08466
vehicle 28.6895446777 26.5001506805 -0.730952382088 1.86839 0.410573 0.277874 -2.96753
vehicle 28.8258094788 23.2928237915 -0.671310245991 1.0393 1.12355 0.281806 -2.941643
vehicle 16.4769153595 17.0845165253 -0.360176682472 3.37062 1.81087 0.756022 -3.044774
dontCare 10.027885437 49.5850830078 -0.535017371178 1.1581 0.686557 0.649979 0.07394655
vehicle 10.4999790192 46.3672714233 0.179731234908 2.47141 1.15635 1.6426 -3.131229
