pedestrian 13.8552007675 34.1452102661 -0.325974732637 0.653831 0.516419 1.33259 -1.762769
pedestrian 24.7457427979 44.1878890991 0.130996033549 0.847588 0.542233 1.63678 -1.762641
vehicle 30.5250205994 46.932308197 1.25063741207 8.45744 2.57819 3.31727 -1.715705
vehicle 37.5578079224 29.6537284851 0.182455316186 4.30064 1.76821 0.968607 -1.761329
vehicle 40.2448539734 26.1879730225 0.445331484079 4.03926 1.3434 1.44744 -1.734739
cyclist 33.8019790649 20.1107711792 0.166632518172 1.54514 0.609302 1.26222 2.891142
cyclist 14.2337150574 -23.5914020538 -0.534400820732 1.74657 0.812859 1.42225 0.8473625
vehicle 11.74102211 -23.2333774567 -0.534958302975 2.93391 1.17486 1.69946 0.9198655
pedestrian -4.13755846024 -36.2244758606 -1.041031003 0.379941 0.609766 1.40781 1.113763
pedestrian -2.53817272186 -31.3179759979 -1.03102779388 0.498214 0.671969 1.55823 1.113763
vehicle -17.1833515167 -54.7957382202 0.132822006941 2.49624 3.36118 2.48883 1.218213
vehicle -15.5859155655 -48.344707489 -0.766860067844 1.41718 0.52483 0.310884 1.19811
vehicle -12.8903579712 -42.371295929 -0.631156980991 1.47082 0.418642 0.281456 1.19811
vehicle -10.353272438 -36.2354393005 -0.689571678638 3.06857 0.657188 0.615847 1.198111
vehicle -7.23786067963 -30.4303894043 -0.95887696743 4.74555 1.98604 1.81483 1.173247
vehicle -15.0117702484 -39.3714103699 -0.913882255554 3.712 1.7301 1.51073 1.214115
vehicle -15.8488883972 -32.9556884766 -1.09094154835 3.42509 1.78826 1.5106 1.19661
vehicle -13.3933734894 -26.6746616364 -1.27205181122 4.10791 1.78323 1.41972 1.252307
vehicle -17.1197147369 -28.3068981171 -1.33163964748 3.94144 1.80554 1.36464 1.233842
vehicle -31.3777351379 -41.0724143982 -1.24485552311 4.01875 1.64904 1.32693 -1.856146
vehicle -26.6361522675 -14.8316020966 -1.31341731548 4.37853 1.77491 1.4523 -1.441994
cyclist -31.9143199921 -9.48744297028 -1.16832840443 1.14416 0.681168 1.41721 -1.806154e-05
vehicle -45.8043899536 2.19450283051 -0.764629483223 6.04924 1.8564 2.23908 -0.3261321
vehicle -61.2770309448 5.16840457916 -1.48018825054 3.86565 0.937114 0.834019 -0.3261321
vehicle -33.3758201599 -2.0796585083 -0.606494426727 1.96499 2.4711 1.87497 -0.2856909
vehicle -34.215637207 5.68628692627 -0.400846153498 0.708276 0.530769 1.46827 -0.3563243
vehicle -21.9878120422 3.92283034325 -0.151124373078 2.47247 0.915114 3.11156 -0.1610257
vehicle -8.08141517639 -0.0867921859026 -0.530065238476 4.12829 2.04694 2.41602 -0.1699792
vehicle -3.19266605377 3.34891676903 -0.532165825367 8.42173 1.86371 2.30636 0.08258359
vehicle 5.90719890594 1.39605510235 -0.73502779007 3.43233 1.87176 1.53099 0.1063164
vehicle 14.2287025452 -2.1227221489 -0.393373161554 4.09919 1.97062 1.55917 -3.064265
vehicle 32.4526062012 36.1522483826 1.08636796474 16.6567 3.25339 3.35682 -1.738415
vehicle 54.5778884888 13.977684021 1.56321513653 11.1571 2.65335 3.10534 1.969711
vehicle -11.2644338608 -31.6630535126 -1.16101765633 3.58513 1.5146 1.38774 1.148857
vehicle -8.29561710358 -26.2236595154 -1.23014116287 4.24274 1.84052 1.46542 0.9781411
vehicle -29.0525455475 -27.4003334045 -1.32265472412 4.21976 1.74081 1.47359 -1.849239
vehicle -13.7886428833 3.89041924477 -0.261190474033 8.6108 2.61989 2.83461 -0.1462515
vehicle -21.854927063 -1.12113595009 -1.01954782009 2.5587 1.83182 1.2596 -0.3563243
vehicle -52.5892715454 -19.0469379425 1.7747644186 4.26098 1.8632 2.29852 -2.555627
vehicle -6.67821121216 -34.9274559021 -1.46452248096 1.05986 0.281913 0.729068 1.05925
