vehicle -43.4123268127 -6.66843748093 0.896019339561 1.75439 1.22323 1.69554 -3.083245
cyclist -19.0160388947 -2.69022393227 -0.303166896105 2.03143 0.761106 1.47531 0.05834813
vehicle -8.96609115601 1.07024550438 -0.494593262672 4.56733 2.04646 1.84012 0.05834813
vehicle 2.41061615944 -3.44071269035 -0.89780074358 4.32925 1.89885 1.69651 0.01773312
vehicle 17.3980998993 1.40829753876 -1.00120735168 2.78767 1.97225 1.58165 0.01773312
vehicle 23.8276195526 -29.6867008209 -1.02396225929 4.05642 1.70268 1.45106 -1.497406
vehicle 46.7317123413 -39.7813873291 -1.45624625683 3.80305 1.72059 1.49121 1.791471
vehicle 44.4597587585 -31.6471405029 -1.40248334408 2.81894 0.612804 1.13224 1.77615
vehicle 42.1763648987 -18.4676303864 -1.43063020706 3.65938 1.63268 1.51739 1.77615
pedestrian 49.591632843 -27.3944358826 -1.47876930237 0.626925 0.297075 1.14525 -1.573163
pedestrian 46.2130393982 -22.7655849457 -1.37340676785 0.574277 0.689626 1.61855 -1.573163
pedestrian 37.2882881165 -4.43714666367 -1.16435623169 0.50078 0.730011 1.62536 -0.1328617
vehicle 46.8796195984 -0.0203166529536 -1.26462316513 4.15048 1.87994 1.57693 0.2132151
vehicle 52.9701004028 1.59317541122 -1.23528075218 1.97496 1.51271 1.26064 0.2132151
vehicle 38.2907752991 17.8376731873 -1.28750562668 4.08871 1.71878 1.36398 0.1300205
vehicle 41.9777603149 23.5054779053 -1.67916083336 3.93662 1.75661 0.836118 0.1300205
vehicle 22.6271362305 21.8679046631 -0.435358285904 7.24144 2.92166 2.94464 -2.895105
vehicle 24.5374774933 -15.6273384094 -0.85453248024 4.69538 1.91254 2.04032 -1.19167
dontCare 57.6915206909 6.71624898911 -1.71097505093 1.38575 0.279513 0.777714 0.4957123
vehicle -7.39880228043 -4.20979118347 -0.678041577339 4.75679 2.26861 1.55496 0.06566394
