vehicle -56.0239028931 16.2088680267 0.576569259167 3.32297 1.69159 1.17573 -3.127443
vehicle -34.3069343567 25.9296512604 -0.297717660666 3.91988 1.57921 1.38792 2.886104
vehicle -16.4648647308 22.2634048462 -0.688378632069 3.80266 1.69781 1.40509 3.037949
vehicle 37.7719612122 18.1887321472 -1.23419630527 4.20085 1.97372 1.28816 3.132465
vehicle 56.0961608887 15.420381546 -0.437771737576 6.1082 2.41793 2.45278 3.118426
vehicle -46.7754516602 -10.0524940491 0.367474287748 4.12606 1.78199 1.29565 -0.06344465
vehicle -30.7820892334 -10.3547840118 0.19285325706 3.29153 1.64099 1.47048 -0.06344465
vehicle -18.3343486786 -7.58744049072 -0.340908825397 4.39106 1.88608 1.55476 -0.06344465
vehicle -1.53830659389 -5.63987159729 -0.813877999783 4.39813 1.93838 1.52887 -0.01224447
vehicle -4.92577123642 -11.5700111389 -0.15646879375 3.84853 1.71759 1.34025 -0.01224447
vehicle 11.0423812866 -2.6203687191 -0.718312561512 4.73928 1.92677 1.99449 -0.02508671
vehicle 20.9751415253 -2.68317246437 -0.889802575111 4.35406 0.781988 1.6796 0.003094911
vehicle 15.618812561 -7.65925693512 -0.948615729809 4.19848 1.71618 1.49202 -0.01485934
vehicle 17.9984207153 -11.5699090958 -0.882303535938 2.47002 1.84263 1.61522 -0.01485934
vehicle 27.4503002167 -11.21687603 -1.06981623173 1.78075 1.44657 1.42926 -0.01485934
vehicle 29.1177806854 -5.98476791382 0.410252809525 6.60733 1.85995 1.07537 0.01615034
vehicle 34.5249061584 -0.42622974515 -1.02130961418 3.1807 2.02428 1.46356 0.01615035
vehicle 37.6922798157 -2.85435247421 -1.07003521919 3.90081 1.70494 1.46892 0.01615038
vehicle 51.6870880127 -3.08895397186 -1.0689573288 4.07419 1.39478 1.67557 -0.007790282
cyclist -0.963487386703 -16.3564739227 -0.610137581825 1.65598 0.536953 1.55904 -0.007763924
pedestrian -39.9870948792 39.5372543335 -0.453631073236 0.259757 0.583391 1.05157 -0.01899992
pedestrian -37.740901947 39.0675735474 -0.412457585335 0.54692 0.398174 1.03951 -0.0188795
pedestrian -30.8533592224 37.0152511597 -0.346610784531 0.182937 0.188799 0.893995 -0.01863865
pedestrian -30.6894950867 37.5363998413 -0.397838681936 0.245392 0.272073 0.340992 -0.01719352
pedestrian -21.6669368744 37.8931083679 -0.838096559048 0.255167 0.322247 0.75533 3.938464e-15
pedestrian -20.9835567474 37.4187774658 -0.9256041646 0.243035 0.408505 0.542143 5.141884e-15
pedestrian -21.0122566223 38.4070014954 -0.942563831806 0.251522 0.351239 0.552664 4.570564e-15
cyclist 15.8062820435 40.0855407715 -1.45163929462 0.902495 0.597558 1.10535 -0.01494396
cyclist 14.5180931091 39.5391159058 -1.28040456772 1.56606 0.611102 1.36491 -0.01494396
pedestrian 36.3674888611 38.0650672913 -1.51211822033 0.133236 0.354574 0.643684 -0.01726648
dontCare 1.75071251392 38.0156860352 -1.48532271385 0.459701 0.767734 0.510856 -0.03792058
pedestrian 27.939912796 35.8865585327 -1.54885089397 0.255377 0.122419 1.0856 -0.005600321
vehicle 48.5479011536 -0.298428535461 -0.0919452980161 0.555544 1.10443 0.327813 -0.008966743
vehicle 40.3367233276 -0.106647521257 -0.761681616306 0.593372 1.56408 0.70114 0.02947843
vehicle 28.955947876 39.7467308044 -1.54012012482 4.69444 1.75106 1.5295 -0.06744794
vehicle 3.09352588654 -3.07702732086 -0.948479413986 4.26873 1.74014 1.48747 0.003551356
vehicle 44.4984931946 -30.4999027252 2.08708095551 3.43663 1.45836 1.68324 0.7932507
vehicle -39.52161026 40.3137321472 -0.614072501659 1.81406 0.83537 0.731362 -0.4922823
pedestrian -38.391784668 40.6385650635 -0.125677838922 0.397597 0.256606 1.12884 -0.5134609
