vehicle -8.49538421631 -0.645786523819 -0.54297465086 3.68102 2.06843 2.51094 0.02595908
vehicle 3.45571136475 -6.11468315125 -0.871248722076 4.06648 1.97763 1.46646 -0.002849319
vehicle 13.127289772 0.431539803743 -0.392036497593 3.10636 1.91555 1.76343 0.02955341
vehicle 26.1318893433 -15.9610052109 -0.000432889442891 4.2098 1.80112 1.67133 -0.08608527
vehicle 26.2475147247 -20.016872406 -0.168912813067 3.85735 1.58876 1.41805 3.080909
cyclist 18.4080047607 -17.7595481873 -0.407849878073 1.63264 0.699042 1.44162 -3.099622
vehicle 19.56133461 -20.2061023712 -0.37445345521 3.21419 1.83418 1.38792 0.009593725
pedestrian 6.74473619461 -26.5067081451 -0.280641853809 0.680285 0.499743 1.5419 -3.063001
vehicle -7.93924665451 -20.6315822601 -0.893947601318 4.57521 1.77551 1.57887 -0.006804951
vehicle -32.1257820129 -21.2494125366 -1.10477828979 4.21961 1.7292 1.48986 0.07275486
vehicle -49.7538566589 -21.8053627014 -1.42387080193 2.5862 1.64319 1.05436 0.01230431
dontCare -55.7004776001 -19.7206554413 -1.03977251053 0.618884 0.420826 1.41563 -1.523675
vehicle 11.9183206558 12.7280731201 -0.661911487579 5.13933 1.8258 1.73387 -3.044674
vehicle 5.6005730629 25.1587982178 -1.08682894707 4.58802 1.24785 1.56935 -3.140428
vehicle -11.6804409027 24.7877578735 -1.29166269302 4.28975 1.6987 1.64863 -3.076219
vehicle -17.9238491058 24.8627281189 -1.37309110165 4.3209 1.83528 1.64911 -3.12172
vehicle -25.1721935272 24.1364536285 -1.16507089138 3.76142 1.84275 2.17002 -3.12319
vehicle -30.0273609161 24.2024765015 -1.54733836651 4.33839 1.55345 1.52181 3.07506
vehicle -40.3923149109 24.1899642944 -1.50822842121 2.4151 1.66854 1.53531 -3.138172
vehicle -46.2252883911 23.9152622223 -1.50853252411 2.88376 0.987657 1.34038 -3.050992
vehicle -52.7426986694 23.3791942596 -1.69990313053 3.39392 0.47796 1.45631 -3.073786
pedestrian 11.2095890045 30.0779933929 -0.651109933853 0.341576 0.506559 1.62921 1.749998
vehicle 42.1887741089 30.0182266235 -0.119408987463 4.20462 1.86128 1.64669 3.104491
pedestrian 32.5432281494 27.4111995697 -0.318626224995 0.595072 0.534958 1.3379 0.006005217
vehicle 41.429058075 18.4632110596 0.0113613139838 3.9638 1.55163 1.27846 -2.366008
pedestrian -40.6931419373 29.5932636261 -1.34630477428 0.474448 0.361684 1.56923 -1.456356
pedestrian -43.3125267029 27.7119293213 -1.37601220608 0.291918 0.360754 1.5917 -1.456356
vehicle 21.4549980164 25.7435264587 -0.460786372423 2.67514 1.25574 1.23814 3.08825
pedestrian -40.9187011719 -27.9323692322 -0.265573292971 0.27139 0.259363 0.694739 1.415058
vehicle -6.21854257584 37.8098602295 -1.06688547134 1.25374 1.21024 0.972311 -1.673595
dontCare 47.7118682861 -32.5449447632 0.683644771576 0.738912 0.224583 0.726273 -1.64199
cyclist 0.041206035763 20.8089103699 -1.40291881561 1.83812 0.46547 0.964064 3.116716
pedestrian -32.5417823792 28.5387592316 -0.933144629002 0.705972 0.328975 0.540234 1.626523
vehicle 19.7455482483 0.133819445968 0.14344766736 3.18856 1.56777 1.4038 0.02009614
vehicle 5.75901031494 -0.434578627348 -0.800128817558 3.20998 1.68036 1.55834 0.06879465
