vehicle 9.71914958954 12.4850873947 -0.784433305264 4.3044 1.77526 1.45807 0.09041691
vehicle -12.2255964279 26.4223060608 -0.726974070072 2.92703 1.39446 1.50248 -3.078031
cyclist 36.2081108093 33.2566413879 -0.800470173359 1.5968 0.442181 1.18191 2.526125
cyclist 55.3440475464 13.8372964859 -0.449136376381 0.486355 1.49932 1.04594 0.7317656
vehicle 41.9038162231 16.8073272705 -0.591386318207 3.59078 2.0799 1.44067 0.3212106
vehicle 36.9926872253 12.3074302673 -0.956986010075 4.14401 1.79679 0.843764 0.1677871
vehicle 29.782989502 15.1447267532 -0.660586595535 4.1711 2.08689 1.62233 0.248738
vehicle 19.1462841034 13.2193536758 -0.802619040012 4.09582 1.82823 1.36067 0.07024182
vehicle 3.14541125298 11.8999929428 -0.257759004831 4.85222 1.75525 1.50257 0.06865489
vehicle 1.298366189 5.92756080627 -0.614269375801 4.33111 2.11956 1.98896 0.08612234
cyclist -5.87770271301 -1.63642382622 -0.713299870491 1.52919 0.705133 1.5418 -3.118805
vehicle 20.6530361176 -14.4517250061 -0.445078283548 1.27177 2.22176 2.15955 -2.747862
cyclist 22.6303424835 -13.657658577 -0.735337972641 0.753448 1.72403 1.46887 -2.911788
pedestrian 21.4249725342 -5.65634584427 -0.706124007702 0.443159 0.474417 1.47448 2.433994
vehicle -58.7741470337 1.43328607082 1.08518564701 3.787 1.84056 0.784187 0.03839353
vehicle -33.9544219971 -18.6931552887 0.603653669357 3.8432 1.57425 1.66333 -1.626795
pedestrian -15.4125986099 -6.1971077919 -0.175958916545 0.598523 0.48178 1.67723 1.701649
pedestrian 16.3302516937 38.2450180054 -0.778166115284 0.516048 0.289509 1.2656 3.060456
pedestrian 21.4810161591 37.2133598328 -0.802004516125 0.507389 0.432567 1.30087 3.089046
pedestrian -18.6281642914 35.1425247192 -0.341003715992 0.258929 0.228806 0.492876 3.133952
cyclist 19.6911125183 -8.93432998657 -0.691205382347 0.98044 0.389642 1.44502 -1.132499
vehicle 45.7931213379 36.6513290405 -0.825834929943 3.25903 0.87747 1.12423 -1.668276
