vehicle -19.3898925781 5.62155056 0.421278238297 0.91956 1.08705 0.318011 0.0
vehicle -11.0187578201 5.66490745544 -0.320772647858 4.36004 2.06555 1.85908 0.01876769
vehicle -12.6988420486 9.29901409149 -0.386273056269 3.52961 1.75119 1.58341 -0.1151256
vehicle -14.6832056046 2.64207458496 -0.10311087966 4.94907 1.95926 2.16868 0.0283126
vehicle -7.69272184372 2.70745134354 -0.583034157753 3.88515 1.95921 1.63203 0.05320716
vehicle -4.59729766846 -0.287161141634 -0.51073294878 2.06285 2.24617 2.08511 0.04532865
vehicle -2.88260817528 5.67713212967 -0.349593043327 6.3782 2.82307 1.87972 0.0173773
vehicle 0.248276054859 10.4539270401 -0.747408747673 3.03896 1.83571 1.58252 0.0173773
vehicle -1.85453093052 2.82119631767 -0.768188595772 4.36503 2.09559 1.59215 0.01690536
vehicle 2.53397011757 -3.04278373718 -0.966347396374 3.9678 2.04342 1.49278 0.02296998
vehicle 5.78268432617 0.128701150417 -0.689313650131 3.2152 2.10526 2.00708 0.00654272
vehicle 4.37282037735 2.76757740974 -0.757124185562 4.37445 1.76556 1.89113 0.02766231
vehicle 3.43465018272 5.76732730865 -0.875578761101 2.46929 1.67016 1.50688 0.009194186
vehicle 10.6535301208 5.75555992126 -0.458867222071 3.75808 1.694 1.37198 0.005184942
vehicle 10.0649204254 3.04619240761 -1.05168962479 4.12048 1.6331 1.50234 0.01756469
vehicle 14.0106449127 0.337559044361 -0.654118716717 2.33377 2.02042 0.588462 -0.0005674178
vehicle 17.6794376373 3.33474993706 -1.11277961731 4.82955 1.67728 1.42612 -0.0005674182
vehicle 17.2425289154 5.99749040604 -0.612307906151 2.99399 1.37854 0.553322 -0.0005674998
vehicle 14.1091222763 11.4995279312 -0.0994248092175 3.16091 1.66678 0.619711 0.08659498
vehicle 20.5131206512 9.01180362701 -0.247906893492 4.53348 1.61135 1.39465 0.0154621
vehicle 23.9329166412 6.2543888092 -0.775514185429 2.55738 1.34151 0.739365 0.01546207
vehicle 25.4224948883 3.32774829865 -1.02179861069 3.91185 1.67806 1.53475 0.01210354
vehicle 27.2111358643 0.26851940155 -0.293988257647 1.49792 1.04771 0.145023 0.004488425
vehicle 31.7934360504 2.99138236046 -1.23064041138 3.53603 0.387689 1.29892 0.004487976
vehicle 37.7952384949 3.77608060837 -1.0228484869 1.75368 1.75355 1.87838 0.00448528
vehicle 36.9015846252 6.59632492065 -0.752377271652 1.84436 1.03872 0.470698 0.004481686
vehicle 36.1301803589 12.1969470978 -0.677905380726 1.27591 1.11994 0.315897 0.009315887
vehicle 49.3360481262 1.09838187695 0.448849737644 3.74563 2.68289 2.69697 0.01351447
vehicle 49.7141609192 3.73502922058 -0.678754270077 0.338067 0.817614 0.964923 0.002258211
vehicle 43.9526100159 9.59397888184 -0.95866060257 1.18597 1.28653 0.584165 0.002201296
vehicle 50.0611686707 12.4941644669 -0.525665163994 2.4483 1.02657 0.648634 0.002087525
pedestrian 41.7403259277 -4.1379404068 -1.4051861763 0.412359 0.418715 1.064 0.0
pedestrian 41.4671478271 -5.11908483505 -0.899475872517 0.428121 0.506483 1.55073 5.14299e-16
vehicle 38.1568107605 -21.9598293304 -0.821297943592 3.52784 1.09263 1.50072 0.9347711
dontCare 46.4790534973 -21.9591255188 -1.16132676601 2.17679 1.41625 1.9014 0.6961147
vehicle -18.8942584991 27.5093040466 0.0106157269329 3.70897 1.37111 0.708757 -3.122893
dontCare -25.2290649414 49.3856544495 0.376821279526 2.37558 0.966112 0.761019 1.578181
vehicle -21.4615859985 55.7575950623 0.223069310188 2.30096 1.10683 1.14523 1.55277
vehicle -54.2694511414 -24.6069755554 1.25410223007 3.02073 0.386331 1.11472 2.441453
vehicle 28.8183898926 9.51672267914 -0.683759331703 0.392659 1.34151 0.182238 0.01546207
pedestrian 42.3860702515 -4.3194103241 -1.21317672729 0.607291 0.226477 1.59687 -0.3168044
vehicle -26.3293533325 10.9393005371 1.12493550777 0.56977 0.923235 0.0954707 0.0
