pedestrian -26.3928909302 -13.6110839844 0.849078059196 0.391527 0.308157 0.73702 -0.1468448
vehicle -39.1577148438 9.36221504211 0.898785531521 8.70313 2.80375 2.52454 -0.359398
cyclist -23.2813243866 -12.0764579773 0.00434447824955 1.61492 0.548969 1.36277 -1.054371
cyclist -22.3750953674 -14.2424688339 0.136710703373 1.44609 0.554949 1.66979 -1.879945
vehicle -26.0998344421 -20.4369487762 0.331155925989 2.34171 1.06622 1.63228 -2.208594
vehicle -20.4571666718 -38.3930015564 0.719143271446 4.05618 1.66637 1.12139 -1.857533
cyclist -15.2852220535 0.997527182102 -0.276766955853 1.84053 0.556081 1.60814 -2.140049
cyclist -16.4882907867 2.05666065216 -0.265534192324 1.63577 0.531554 1.61901 -2.018189
vehicle -10.6305093765 3.90878200531 -0.548306286335 2.78485 0.999868 1.54654 -2.378759
vehicle -11.4294290543 -27.8791427612 -0.0328427515924 3.58314 1.75169 1.34259 1.284008
vehicle -7.95114612579 -28.1929073334 -0.116843044758 2.92203 1.92154 1.52114 1.284008
vehicle -5.73701572418 -31.9544277191 -0.0340459309518 3.99319 1.8392 1.42521 1.188912
vehicle -9.00985622406 -39.3587799072 0.142164126039 3.83052 0.924161 1.27759 1.188912
vehicle -13.5335197449 -35.8168640137 0.269755095243 2.52384 1.29164 1.49124 1.188912
vehicle -10.8423118591 -34.7593040466 0.560166060925 0.397046 0.39753 0.248426 1.188912
vehicle -12.6807260513 -40.5551300049 0.486174672842 1.97081 1.54819 1.6814 1.188912
vehicle -15.3578777313 -43.8200874329 0.397679030895 1.95364 0.942812 0.91759 1.188912
vehicle -15.8040933609 -50.399181366 1.52364492416 1.49453 1.73054 0.644424 1.188912
vehicle -3.863458395 -35.8125648499 0.532277166843 5.88161 2.31683 2.71287 1.166351
vehicle 0.0419757068157 -29.1469039917 -0.417033702135 4.7184 1.7349 1.40012 1.008875
dontCare 1.32446491718 -34.0161209106 0.237501353025 0.655762 0.632518 0.449404 -0.2883195
pedestrian 16.3820838928 -26.5881633759 -0.407501161098 0.871161 0.41028 1.72994 -0.2883194
cyclist 18.1467552185 -27.6716880798 -0.465892314911 1.53878 0.666124 1.47696 0.9603395
cyclist 23.7859916687 -19.9243831635 -0.625530421734 1.89581 0.576344 1.36581 0.5646064
vehicle 10.4120168686 2.05181193352 -1.07220447063 3.17173 2.02512 1.42805 0.2446729
vehicle 28.5476379395 7.35023880005 -1.42754077911 3.18308 1.82275 1.49741 0.3177557
vehicle 38.650138855 13.4682216644 -1.37577271461 3.9796 1.75407 1.9559 0.5423756
vehicle 45.8055686951 25.2043914795 -1.84151744843 2.76084 1.43889 1.26864 -1.826469
vehicle 44.2520713806 34.9257545471 -1.979418993 3.554 1.79764 1.34257 -1.789141
vehicle 42.5795669556 44.0264205933 -1.87150621414 3.9818 1.66608 1.65125 -1.717062
vehicle 40.002040863 48.7716522217 -1.20132029057 10.6187 2.60296 3.32222 -1.717062
vehicle 38.5995826721 40.0136947632 -2.13028335571 2.8866 0.311702 1.13043 -1.717062
vehicle 37.5828018188 31.9259185791 -2.00440335274 3.74813 1.66033 1.23297 -1.833767
vehicle 39.2525863647 27.9916934967 -2.13330960274 3.56649 0.450548 1.03201 -1.675315
vehicle 33.8592567444 31.6146774292 -2.03989982605 4.6183 1.98132 1.49898 -1.774086
pedestrian 19.508764267 29.0997848511 -1.58850157261 0.5062 0.869219 1.70213 -1.774086
pedestrian 4.21893310547 22.1939811707 -1.22994816303 0.506937 0.51334 1.68791 -1.774086
pedestrian 0.405634135008 20.8632202148 -1.05889999866 0.435447 0.580505 1.72016 -1.774086
pedestrian 5.67949342728 33.9587516785 -1.36538803577 0.444514 0.47604 1.29068 -1.774086
cyclist 8.96173000336 32.7451133728 -1.83294045925 1.13102 0.401938 1.0446 -1.413608
cyclist 9.07853984833 26.3898715973 -1.55864441395 1.71751 0.666006 1.41157 -1.075896
cyclist 7.37351226807 24.8269615173 -1.35743951797 1.1261 0.804343 1.46258 -1.855131
vehicle 18.3175354004 30.8497638702 -1.45308101177 2.67701 1.23744 2.20774 3.131615
vehicle 12.1652669907 30.8057689667 -1.51683747768 3.91183 1.69573 1.7204 2.481631
vehicle 2.64834928513 38.3324737549 0.0108185708523 10.673 3.27855 4.50473 -1.8957
cyclist -13.2368974686 42.514957428 -1.29896056652 0.857849 0.241184 0.535217 -0.3526917
vehicle -20.8716564178 25.4291667938 -0.588901281357 4.05136 1.8525 1.48936 2.806616
vehicle -45.4315490723 31.4628353119 0.191909372807 3.94919 1.4846 1.12662 2.806616
dontCare 31.6826438904 46.0485496521 -1.55104553699 0.679566 0.490514 1.7099 -2.795286
vehicle 27.2389812469 16.6136817932 -1.53906965256 4.24671 1.85543 1.48825 -2.317183
vehicle -29.480342865 -47.1505661011 0.897920310497 3.9754 1.70169 0.122839 -1.881599
vehicle 48.668888092 22.897605896 -1.93792533875 4.35273 1.85731 1.47959 1.047793
cyclist -2.39440846443 -46.6060638428 0.691769063473 0.825583 0.616982 0.979529 -2.097999
