vehicle 52.0889167786 19.0526733398 -1.10326123238 6.14662 2.06853 1.69329 -3.128565
vehicle 56.2347335815 23.0451984406 -1.28481805325 1.5945 1.10455 1.90598 -3.127961
vehicle 45.2116088867 22.9258708954 -1.49415516853 3.72802 1.4977 1.33677 -3.126752
vehicle 19.811580658 19.1238040924 -0.962743759155 3.98738 1.83356 1.27559 3.139388
vehicle 4.64276313782 22.3936538696 -1.08659231663 4.77233 1.7578 1.41302 -3.133858
vehicle -16.2227840424 18.3700561523 -0.420465171337 4.26337 1.62384 1.24405 -3.138001
vehicle -27.197681427 14.7088012695 0.138251766562 3.13878 1.57326 0.860036 -3.098738
vehicle -47.7691383362 15.6595191956 0.431092202663 3.94374 1.54688 0.708539 -3.123745
vehicle -43.3132705688 1.48207771778 0.685023486614 2.88242 1.79655 1.17204 0.03276931
vehicle -18.4540500641 -0.559089124203 -0.176491945982 4.1267 1.99752 1.7316 0.03276931
cyclist -12.6820468903 -3.06006217003 -0.380954682827 2.11024 0.894523 1.66947 0.03276931
vehicle 16.846736908 -3.0484650135 -0.837315142155 3.98228 1.89824 2.06014 0.02198738
vehicle 51.7465858459 0.122602842748 -1.24642205238 1.40502 1.57697 1.26797 0.004276454
pedestrian 17.3797988892 -7.86858320236 -0.865671515465 0.494604 0.535954 1.6112 3.137561
vehicle -30.9714202881 18.9556350708 0.243418216705 0.275036 1.43437 0.346185 3.132614
pedestrian 21.8126068115 26.4034500122 -1.31478607655 0.435586 0.33966 1.27906 0.03406661
pedestrian 21.9878349304 26.1240634918 -1.21666526794 0.565575 0.3082 1.48254 0.03406661
