vehicle -44.6640853882 13.0691614151 1.08734560013 7.66674 2.36592 2.86482 -3.138092
vehicle -35.4947662354 13.2267751694 0.771495938301 6.70431 2.30161 2.7837 -3.113889
vehicle -26.4849128723 13.4315719604 -0.173788651824 4.12042 1.6508 1.39266 -3.129746
vehicle -18.923324585 13.2150392532 -0.28692561388 4.83659 2.03461 1.82026 -3.075448
vehicle -11.7979822159 13.2872581482 -0.493285477161 4.39259 1.78983 1.81479 -3.120997
vehicle -3.57178258896 13.4177894592 -0.838696181774 4.37521 1.33844 1.45341 -3.081713
vehicle 4.90637350082 13.9477882385 -0.927980482578 4.14362 1.71454 1.57182 -3.104734
vehicle 10.9610137939 13.7720117569 -1.04515564442 4.65551 1.63317 1.48431 -3.120902
vehicle 16.7214584351 14.0757789612 -1.15316009521 4.28274 1.74191 1.42236 -3.123088
vehicle 22.3174495697 14.2307214737 -1.43658137321 2.15279 1.60417 1.03308 -3.126693
vehicle 28.606880188 13.9630022049 -1.39841544628 3.78141 1.42798 0.593797 3.141592
vehicle -51.5043869019 -5.34875202179 0.682687520981 1.47052 1.336 0.804142 -0.006673852
vehicle -38.7149009705 -5.00856781006 0.30640527606 3.31127 0.590749 1.5377 0.01842905
vehicle -33.1792221069 -5.25322914124 0.193141356111 3.99072 1.6673 1.49909 -0.02126161
vehicle -21.9553260803 -4.97079133987 -0.162751466036 4.24322 1.89159 1.7632 -0.003321443
vehicle -8.82446098328 -4.96290588379 -0.410038799047 5.24087 2.02584 2.10184 0.02868543
vehicle 0.218347504735 -4.60993862152 -0.755509972572 4.74903 2.13396 1.85947 0.03067924
cyclist 11.0980615616 -2.01698756218 -0.945994675159 1.81796 0.755764 1.68607 0.02679418
vehicle 12.8752555847 -4.60485839844 -0.971725463867 3.68265 1.84221 1.64455 0.03002426
vehicle 18.1076393127 -4.44418621063 -1.01607632637 2.40525 1.54029 1.36235 0.0127447
vehicle 25.7913322449 0.77668017149 -0.858269095421 3.14102 2.05903 2.09384 0.001939591
vehicle 24.5656814575 -3.7212934494 -1.00732409954 4.03245 1.67944 1.78904 -1.12438e-16
vehicle 30.0230369568 -4.16926002502 -1.0418330431 2.64649 1.46099 1.70018 0.08840274
dontCare 36.8182296753 -5.49424362183 -0.121838137507 0.948872 1.2926 0.0619865 -0.4340028
vehicle 43.5995559692 -9.61464118958 -0.716196537018 1.5426 1.26823 0.570942 -0.4483622
vehicle 53.4667282104 -3.92095923424 -1.2331776619 4.11298 0.995113 1.32897 -1.576999
