vehicle 10.6711769104 8.71858406067 -0.861329972744 4.51333 1.7571 1.50286 3.120284
vehicle -19.7468109131 8.44472503662 -1.15962851048 4.494 1.76216 1.48475 -3.116085
vehicle -33.4110565186 7.94765520096 -1.09633302689 3.817 1.50583 1.27992 -3.133288
vehicle -45.3429222107 8.86239910126 -1.04745674133 1.48554 1.70215 1.12171 3.014706
vehicle -21.384967804 -5.2350692749 -0.934583127499 4.03442 1.48612 1.44182 -0.007786043
vehicle -9.60511493683 -4.96941375732 -0.911344826221 3.98768 1.74003 1.48691 0.006553859
vehicle -4.67588329315 -5.08119821548 -0.89377194643 4.00269 1.69488 1.49288 0.006554609
vehicle 0.493116289377 -5.04899740219 -0.951155602932 4.68243 1.96241 1.36369 0.009473159
vehicle 27.1466331482 -2.38025784492 -0.181194022298 1.35047 0.896417 1.31811 3.138632
vehicle 30.6110591888 -4.38645982742 -0.00486437696964 3.99354 1.42832 1.65624 0.02425169
vehicle 35.9901504517 -4.13681316376 0.0799651890993 2.5874 0.841488 1.30527 -3.117282
vehicle 7.11238002777 20.3439254761 -0.579230666161 5.49906 1.79786 2.01664 -1.003787
vehicle 21.2321166992 20.0036334991 -0.178813815117 3.73324 1.51557 1.60605 -1.080279
pedestrian 18.5996627808 25.1222934723 -0.481970131397 0.723376 0.39015 1.56244 -1.079727
vehicle 43.3340339661 25.0480442047 -0.0676529556513 4.64028 1.42913 1.40764 0.02894212
vehicle 45.6949310303 22.2369308472 -0.187354624271 1.05889 2.14542 1.02637 -0.02335513
vehicle 26.5895214081 -15.8935594559 0.118611089885 2.33758 1.69155 1.16088 -1.536854
vehicle 31.1923484802 -15.6864967346 0.185624197125 1.85938 1.64267 1.07043 -1.565648
vehicle -25.6150798798 -29.0306034088 0.0538267120719 2.75025 0.475158 0.520591 3.118016
vehicle -19.2411785126 -36.8122444153 0.156123012304 3.61291 1.75309 1.81411 -3.140796
vehicle -19.3419685364 -51.6519355774 0.531357944012 3.47981 0.633847 1.00792 3.130748
vehicle -41.1769828796 -26.6684265137 -0.525299787521 1.6067 0.490998 1.31505 -1.539539
vehicle -26.1313762665 8.07612705231 -1.00554800034 4.37499 1.96471 1.67587 -3.096339
vehicle 27.7734375 20.3040866852 -0.223397508264 1.49924 1.23276 1.055 0.02193699
vehicle -39.336555481 -28.1599578857 -0.373021930456 3.80701 1.54284 1.51321 -1.534951
vehicle -15.4997138977 -5.23554754257 -0.95185393095 4.14945 1.64343 1.5148 -0.006285831
vehicle 25.4235591888 -4.5595407486 -0.302754491568 3.94858 1.84613 1.54115 -0.03061997
vehicle 45.5748977661 9.53717899323 0.151797115803 3.83341 1.87677 1.41683 -3.130044
vehicle 57.8901748657 9.42447662354 0.631529271603 3.73194 1.2805 1.39971 -3.110243
