vehicle -46.375125885 -5.0480017662 0.919649720192 3.52115 1.40467 1.72707 -0.03367913
vehicle -40.2581977844 -4.60303115845 0.571950018406 3.43135 0.930097 1.5386 -0.03368217
vehicle -34.5902099609 -4.57058238983 0.390224039555 3.8745 0.875324 1.56076 -0.02051517
vehicle -28.8295536041 -4.86232280731 0.210502967238 4.3185 1.66876 1.6626 0.003880697
vehicle -23.1003704071 -4.8375005722 -0.114152155817 4.41549 1.58081 1.51917 0.003766179
vehicle -16.6003704071 -4.79297542572 -0.339384585619 3.57884 1.67488 1.47397 -3.138055
vehicle -10.9709854126 -4.83944654465 -0.543197393417 4.40168 1.68431 1.51438 3.12077
vehicle -4.532954216 -4.71689176559 -0.75844168663 4.75285 1.73439 1.61379 0.08098856
vehicle 1.42423605919 -4.44782447815 -0.856326401234 4.1638 1.79923 1.68698 0.02246332
vehicle 7.44054937363 -4.37636423111 -0.922409296036 4.21747 1.8794 1.75555 0.03559229
vehicle 12.9597797394 -4.49092960358 -0.997144043446 3.98421 1.71478 1.76995 0.003185341
vehicle 21.2362823486 -4.68135786057 -1.17116189003 3.92286 1.7711 1.45825 -0.1729498
vehicle 28.3906116486 -7.22396945953 -0.999740958214 2.81165 1.45352 0.947525 -0.6033288
vehicle 32.4560165405 -10.5061626434 -0.893904805183 2.88219 0.839116 0.864342 -0.9597304
vehicle 38.2454605103 -20.3539180756 -0.959365308285 3.01021 1.54358 1.02581 -1.316602
vehicle 47.2621231079 -21.8473796844 -0.894147574902 3.58451 1.70501 1.34189 -1.475912
pedestrian -11.3134260178 -8.8575592041 0.168988332152 0.374141 0.601752 0.927207 -3.099788
pedestrian -35.1188964844 -9.62973213196 1.09900224209 0.20057 0.472874 0.661563 -3.099788
pedestrian -35.2005233765 -8.95597839355 0.976012051105 0.324016 0.493612 0.885662 -3.099788
vehicle -32.9191513062 -19.4279937744 1.26318264008 4.81483 1.34246 1.0184 1.539799
dontCare -26.0424633026 13.0474672318 0.0691868588328 1.68004 0.469936 1.60269 0.02142004
vehicle -13.1070308685 13.8567752838 -0.5906509161 3.95083 1.81569 1.58963 3.135855
vehicle -7.77198934555 13.923871994 -0.691967129707 3.8041 1.73762 1.61496 -3.103966
vehicle -2.16927504539 13.8895864487 -0.928950667381 4.56342 1.78871 1.47853 3.131402
vehicle 3.87261986732 13.9805345535 -0.947238922119 4.68314 1.91905 1.78032 3.131402
vehicle 9.50083351135 14.0341129303 -1.22897326946 4.44031 1.78147 1.48741 3.12439
vehicle 15.7498502731 13.9605064392 -1.28236675262 3.9309 1.73652 1.47354 -3.118466
vehicle 20.7998142242 14.5191869736 -1.35879397392 4.15076 1.85779 1.55646 -2.994262
vehicle 26.6079425812 16.0202636719 -1.32140433788 2.31677 1.11751 1.10559 -2.412516
dontCare -30.8691444397 13.5002183914 -0.098609790206 0.18151 0.718575 0.478179 0.03258626
dontCare 30.7501831055 19.7546157837 -0.703361451626 3.23834 1.73164 0.470149 0.4350593
vehicle 37.8062286377 35.6946220398 -1.73279607296 3.21795 1.7521 1.16547 1.498865
vehicle 39.8858757019 0.408118784428 -1.1101167202 2.40267 1.82879 1.96412 0.006391468
vehicle 47.1387519836 20.4018268585 -1.50126254559 3.95115 1.72018 1.44036 0.1133069
vehicle 45.7301979065 23.0720825195 -1.48457157612 1.99072 1.74845 1.34531 0.1133069
vehicle 45.6458129883 25.6989002228 -1.5199868679 1.81212 1.61575 1.37224 0.1133069
vehicle 46.8197937012 34.7143478394 -1.55983364582 2.93911 1.69076 1.79798 -0.02446149
dontCare 46.5369491577 30.8539886475 -1.25688314438 2.26037 1.18435 0.662636 -0.02446149
cyclist 39.2627449036 18.2536201477 -1.45815587044 1.59121 0.483418 1.64824 1.594914
dontCare 56.4172668457 -21.0502910614 -1.09949028492 3.11873 0.322145 0.790078 1.360806
vehicle 36.2747306824 -17.6996555328 -1.59545922279 1.37195 1.33794 0.576504 1.82645
dontCare 36.4808921814 -14.7228746414 -0.539654433727 0.87803 0.577904 0.320777 1.82645
dontCare 37.4267845154 39.7962608337 -2.1079351902 0.387002 1.08248 0.539044 -2.428833e-15
