vehicle -57.1892700195 -10.0613603592 -1.02410900593 0.932145 1.51875 1.40419 3.071733
cyclist 4.44558191299 -18.9341087341 -0.350212454796 1.59826 0.783892 1.54342 0.2842947
pedestrian -1.10465764999 -33.3563194275 -0.0641685724258 0.590556 0.423304 1.59352 0.0009316864
cyclist 0.729143381119 -13.6982793808 -0.578136205673 1.65373 0.65498 1.44253 -0.4985295
cyclist -4.51015377045 5.38744544983 -1.38062548637 2.19669 0.515933 0.743238 -1.288221
cyclist -20.0593643188 32.1838417053 -1.99030160904 1.83814 0.694269 1.49661 0.4749114
vehicle -27.1836109161 -27.6027126312 -0.712823808193 4.23814 1.01968 1.17003 -0.7797636
vehicle -27.348028183 -20.7316894531 -0.824389755726 4.21748 1.5527 1.45559 -1.156029
vehicle -28.3360805511 -13.5804672241 -0.870687186718 4.37698 1.68853 1.61227 -1.336905
vehicle -33.1559371948 -11.2699661255 -0.973845601082 3.52028 0.807957 1.32311 1.916106
vehicle -37.6808891296 -30.9980392456 -0.555325210094 2.09792 1.20886 0.599775 0.08567359
vehicle -47.3133735657 -26.8485221863 0.770945906639 7.15235 2.70002 1.64546 0.4096675
vehicle -44.6519813538 -12.4986963272 -1.0670427084 4.05721 1.62661 1.16189 2.613053
vehicle -35.6458473206 -2.60189056396 -1.224178195 3.78592 1.65079 1.44427 2.865423
vehicle -47.4570922852 0.946700692177 -1.5701777935 3.27958 1.83162 1.60882 0.1541002
vehicle -35.5541343689 17.0714473724 -1.8142105341 4.09255 1.79698 1.51509 -1.172058
vehicle 15.4373855591 48.5532684326 -0.732151687145 2.53374 1.46624 2.1601 -2.810743
vehicle -0.573073744774 21.1732215881 -1.26840913296 2.75605 1.49284 1.42798 -2.722582
vehicle 9.17042636871 24.811920166 -1.31339251995 1.46881 1.66343 1.02593 0.4794784
vehicle -2.67569565773 16.6044406891 -1.21938490868 4.85413 1.69148 1.45858 -2.76082
vehicle 3.85187149048 19.6600723267 -0.74114882946 5.00856 1.78544 2.33915 -2.741139
vehicle 11.0278987885 22.3707351685 -0.602512717247 5.42348 2.00543 2.15683 -2.741339
vehicle 17.3203868866 25.0729904175 -0.68332695961 4.36615 1.74213 1.68989 -2.74608
vehicle 23.0854206085 27.8582859039 -0.637558400631 4.61748 1.83479 1.56581 -2.753902
vehicle 29.3988819122 30.2431049347 -0.430061876774 3.64635 1.81511 1.5351 -2.713212
vehicle 36.8217964172 32.9260482788 -0.131523624063 4.46331 1.94856 1.61151 -2.731936
vehicle 43.1775779724 35.916343689 -0.0507673695683 3.54896 1.57343 1.575 0.4202681
vehicle 29.9134845734 33.4079437256 -0.106397584081 3.02889 1.63462 0.901732 -2.729609
vehicle 16.7537555695 27.4711017609 -0.75801473856 0.83122 0.347488 0.573875 0.4586718
vehicle 20.1958847046 32.2332420349 -0.391064226627 1.18046 0.773301 0.452731 0.4586718
vehicle 22.4018383026 30.1636066437 0.0551395267248 0.784191 1.44804 0.492182 0.4586718
vehicle -15.995267868 -19.7483253479 -0.740222454071 4.22863 1.94265 1.48443 -1.205849
cyclist -54.5344085693 9.3486289978 -1.99348700047 1.60374 0.565938 1.41185 1.2213
cyclist -56.8492507935 17.5741329193 -2.30947208405 0.727338 1.54291 1.22399 2.117079
vehicle 6.87054634094 45.3876419067 0.0386810451746 6.68915 1.53437 1.23638 -2.804069
vehicle -30.6659755707 -18.3858299255 -0.764035403728 3.83305 0.852635 1.33268 -1.129941
vehicle -3.46956396103 23.1979351044 -0.230500727892 11.1676 2.89721 3.39087 -2.747096
dontCare -38.8333244324 -38.8877906799 -0.127998039126 0.28266 0.466438 0.451864 -2.786703
