vehicle -29.8701267242 -16.4532718658 0.835852324963 6.94101 2.14855 2.08479 0.02534085
pedestrian -53.605796814 -23.5424556732 1.41939234734 0.672661 0.44881 1.45016 -1.519147
cyclist -19.7257537842 -22.1683330536 0.0409728363156 1.59998 0.480284 1.3693 -3.090317
cyclist 39.3071289062 -20.1431522369 -1.13614547253 1.11664 0.772189 1.41222 -0.04584286
vehicle -42.3662872314 -4.13772249222 0.841705858707 3.07098 1.68267 1.64316 -0.003833208
vehicle -24.5781402588 -0.445577710867 0.0083624990657 3.54273 1.89766 1.54494 0.03551187
cyclist -32.2889671326 8.95505428314 0.490381449461 1.34404 0.406067 1.25677 -1.514384
vehicle 11.0953321457 3.62353491783 -1.08552002907 4.14611 1.8523 1.56609 0.01336032
vehicle 19.1996059418 0.351753175259 -0.947103857994 4.28552 2.11831 2.06191 0.008625094
vehicle 27.3375816345 3.12297654152 -1.19792211056 3.77245 1.79938 1.47037 -0.006541024
vehicle 42.6464271545 -2.47488880157 -1.50902414322 5.06289 1.7757 1.31181 0.06399471
vehicle 50.7994308472 23.6449661255 -1.95038592815 4.17532 1.92604 1.37267 -3.134127
vehicle 26.6171836853 19.9537029266 -1.39301908016 4.30136 1.83901 1.15256 -3.117959
vehicle 16.4201450348 23.2393398285 -1.46964144707 3.93149 1.72206 1.61234 -3.129539
vehicle 8.1921005249 19.8140888214 -0.901989161968 3.61176 1.75763 1.616 -3.116013
vehicle 2.07653427124 23.0945854187 -1.12151813507 4.96935 1.12977 1.45535 -3.10235
vehicle -8.54190921783 18.9876995087 -0.784722208977 4.58047 1.64 1.39044 -3.134272
vehicle -29.6310100555 15.059305191 0.101022198796 4.40866 1.70812 1.68659 -3.102914
vehicle -28.8551578522 18.8268356323 -0.134513065219 4.08332 1.70014 1.38019 -3.102914
vehicle 6.67582368851 41.1233444214 -1.54402959347 1.5263 0.765582 1.28599 3.105691
vehicle -44.0552749634 15.278424263 0.616832017899 3.84081 1.67044 1.18404 -3.121507
vehicle -46.2934074402 18.4741306305 0.653938412666 1.52156 1.64632 1.29615 -3.121507
vehicle -52.6762046814 22.0732116699 0.719378590584 1.27444 0.652523 1.44799 -3.121507
vehicle -25.2030162811 22.1303920746 -0.325126200914 4.07318 1.67959 1.3332 -3.124336
