vehicle -31.3247661591 5.33460760117 0.396637111902 4.03472 1.90735 1.77928 0.03754725
vehicle -8.40848350525 3.09962821007 -0.396958619356 6.67234 2.71324 2.1113 0.01019653
vehicle 34.6422767639 1.98227035999 -0.188743084669 11.3532 2.62125 3.06317 0.06630331
vehicle 27.7117996216 6.21347856522 -1.0220375061 3.35764 1.73986 1.54307 0.03818143
vehicle 32.1794281006 9.52523899078 -0.517336249352 0.62174 0.535013 0.235043 0.03818143
vehicle 54.5560493469 6.42570114136 -0.984919250011 0.986423 1.64561 1.71027 0.0
vehicle 2.3976855278 5.84902334213 -0.831279754639 4.19346 1.7727 1.55281 0.004581764
vehicle 13.3729515076 0.309078842402 -0.786926269531 3.10589 2.05419 2.04451 0.01717322
vehicle 26.1197547913 8.6375541687 -0.990415096283 4.40835 1.7856 1.49325 0.01812983
vehicle 39.7173309326 14.6935024261 -1.0002168417 3.09538 1.59946 1.36168 0.7208557
vehicle 45.3514442444 22.9647846222 -1.38638937473 4.3763 1.49663 0.719776 0.03142466
vehicle -27.2405910492 27.3451309204 -0.16378480196 4.10452 1.57462 1.01841 3.13881
pedestrian 26.5601730347 43.8585853577 -1.13207578659 0.702868 0.425104 1.23686 0.2120313
vehicle 48.0992012024 -13.4242897034 -1.21493327618 4.44977 1.75566 1.60678 1.61433
