vehicle -7.4003162384 13.3476295471 -0.757702350616 2.0905 0.721459 1.53869 3.051145
vehicle -16.8769893646 11.9088630676 -0.5085054636 4.72126 2.07274 1.51137 -2.758894
vehicle -28.96276474 5.25452518463 0.324295341969 3.99475 2.06328 1.74428 -3.028106
vehicle -54.1490592957 13.1729364395 0.798953413963 2.75232 1.42603 1.11075 -3.081587
vehicle -47.8401489258 13.1487560272 0.709441781044 3.93774 1.13736 0.940191 -3.082649
vehicle -41.8126678467 13.593044281 0.502415120602 3.9862 1.61239 1.13597 -3.093356
vehicle -35.2988586426 13.7431554794 0.234805718064 4.10369 1.78207 1.48741 -3.136141
vehicle -28.0478591919 14.0747766495 -0.0655247047544 3.93737 1.65751 1.47984 -2.833431
vehicle -18.33335495 19.7212696075 -0.645181357861 4.58855 1.79979 1.44217 -2.317318
vehicle -14.1970777512 24.4258079529 -0.764502465725 4.64135 1.75405 1.52017 -2.17405
vehicle -12.3121986389 31.1169548035 -0.827053368092 4.15106 1.90271 1.551 -1.727929
vehicle -11.6531591415 45.0240325928 -1.06692397594 4.02569 1.0628 1.18868 1.616427
vehicle -11.7483005524 51.3985366821 -1.09199202061 3.80287 0.518772 1.02756 -1.537465
vehicle 5.76938009262 54.1832580566 -1.29355788231 1.81223 0.852366 1.30898 1.667465
vehicle 6.27955627441 48.8085517883 -1.30922698975 3.61324 1.86379 1.64969 1.547214
vehicle 6.28471660614 43.219543457 -1.37761759758 3.53743 1.28144 1.49605 1.614415
vehicle 6.38387346268 37.0366210938 -1.33267390728 3.60971 1.47059 1.62675 1.658858
vehicle 7.20219945908 31.9068450928 -1.34797132015 4.11628 1.75937 1.45742 1.758533
vehicle 9.66171836853 25.5975914001 -1.37878835201 4.30919 1.90247 1.5182 2.14047
vehicle 12.8844909668 20.8903865814 -1.40178561211 4.03312 1.76252 1.4607 2.26291
vehicle 16.5965557098 17.1253852844 -1.48859775066 4.61582 1.24976 1.34654 2.435331
vehicle 13.5545024872 5.74942970276 -1.12146997452 4.57279 2.17605 1.44818 -1.397299
vehicle 16.0540161133 5.24031591415 -1.11687970161 3.01515 1.75907 1.24942 -1.63783
vehicle 18.6998653412 5.34540081024 -1.22537362576 3.34732 1.72081 1.47793 -1.814393
vehicle 24.0766639709 4.92393493652 -1.28492188454 3.13204 2.14225 1.52875 -1.594384
vehicle 21.6965427399 5.57890892029 -1.10472023487 2.9859 1.56665 1.2917 -1.836416
vehicle 27.7462520599 5.53419494629 -1.12263047695 4.21428 2.17849 1.61477 -1.70757
vehicle 42.1551094055 1.35697042942 -1.16354596615 2.50689 1.81393 2.06897 0.07090569
vehicle 38.7639427185 -2.16350364685 -1.47925329208 2.62757 0.507968 1.45216 0.1061256
vehicle 26.56939888 -3.22839832306 -1.29648220539 4.13984 1.8259 1.45614 0.08050796
vehicle 10.1168060303 -13.8820590973 -0.855013906956 4.3928 1.76597 1.59393 0.9287841
vehicle 8.24890613556 -20.7327518463 -0.585912048817 4.02191 1.87236 1.65148 1.420631
vehicle 7.85946989059 -27.2861633301 -0.300184905529 4.5115 2.08655 1.79484 1.649164
vehicle -9.53980064392 -55.0423355103 1.15850496292 3.51382 1.28207 1.42751 -1.527257
vehicle -9.82461166382 -49.3103294373 0.908657252789 3.217 1.35829 1.51817 -1.528341
vehicle -9.88032817841 -43.5955505371 0.684272050858 3.62264 1.51401 1.60777 -1.529677
vehicle -10.0033531189 -37.0015258789 0.405254930258 4.14734 1.70447 1.50093 -1.506003
vehicle -10.5601940155 -24.411151886 -0.0108616529033 3.77004 1.78618 1.48399 -1.495195
vehicle -10.9920339584 -18.3600234985 -0.167613685131 4.20284 1.64222 1.32475 -1.474516
vehicle -13.7912225723 -13.8789625168 -0.141850695014 4.59862 1.78184 1.46894 -0.8812659
vehicle -17.1003894806 -9.69123935699 -0.0772964656353 4.03077 1.70183 1.58853 -0.7100317
vehicle -21.9948062897 -6.59478330612 0.00535704474896 4.46947 1.8375 1.49754 -0.4510176
vehicle 43.5518188477 -2.02658748627 -1.56104719639 1.48614 0.581454 0.901858 0.06566993
vehicle 55.9807662964 -1.9095031023 -1.4821447134 0.799309 0.430016 1.72546 -0.01916105
vehicle -11.9372472763 55.9488220215 -1.29394590855 2.51798 0.331485 0.712656 -1.582298
vehicle 5.52239274979 60.9984855652 -1.30697762966 3.2947 0.557844 1.14232 1.561634
vehicle -43.2590141296 -5.08726167679 0.934430301189 4.93215 1.6049 1.37399 -3.093023
vehicle -9.12423992157 -60.2502861023 0.914922654629 4.04554 1.00455 0.820714 -1.497493
vehicle 8.02289295197 -39.3220024109 0.222468167543 3.85736 2.00349 1.56761 1.591828
vehicle 7.84976100922 -46.0413551331 0.155726909637 4.16167 0.592616 1.25077 -1.573032
vehicle 8.07444572449 -50.7206993103 0.189953833818 0.452993 0.443896 0.703751 1.603981
vehicle 8.66600894928 -62.0687179565 0.58023661375 5.73129 0.805985 0.907408 1.629596
vehicle -34.6940155029 -4.56554365158 0.314514458179 4.29272 1.85014 0.998478 0.02223372
vehicle -10.1506357193 -30.243024826 0.212882205844 4.0224 1.66034 1.58112 -1.579201
vehicle -11.9596824646 39.3651428223 -0.689537167549 3.87219 1.66344 1.66306 -1.503863
vehicle 32.4534111023 -2.32558584213 -1.54993510246 3.72725 0.795377 1.2726 0.007790206
vehicle 15.8461437225 -6.99477767944 -1.13087701797 4.26667 1.81375 1.52713 0.5311759
