vehicle -31.2462978363 10.0573883057 0.0432457774878 22.1365 3.72648 3.41296 -1.421753
vehicle -38.9432296753 28.5539722443 0.132461622357 8.76735 2.43303 2.71842 -1.439551
vehicle -37.4727706909 18.252166748 0.550593733788 8.44363 2.44394 2.01608 1.748413
vehicle -17.7052230835 27.0031604767 -0.703093290329 4.32369 1.70599 1.75288 -1.418687
vehicle 0.534338891506 20.3856258392 -0.881071507931 4.00484 1.77373 1.64225 1.710843
vehicle 3.21853852272 5.45088005066 -0.72183650732 4.10509 1.81637 1.99257 1.588737
cyclist 20.2453041077 42.4867401123 -1.0615465641 1.64573 0.421636 1.17699 1.757454
cyclist 26.1224861145 -1.82275485992 -1.01130187511 1.69272 0.620253 1.45887 1.800949
vehicle 14.0168180466 4.7484292984 -0.945708930492 4.49905 2.09817 1.77484 2.185425
vehicle 40.4664535522 -12.4233064651 -1.07545173168 4.30905 1.65543 0.886624 -2.980171
vehicle 50.6528091431 -11.1056718826 -1.13271260262 4.06748 1.95993 1.15396 -2.980171
vehicle 44.9327278137 -17.89270401 -0.691080331802 4.24056 1.60293 1.6004 -2.900311
vehicle 60.5566635132 -15.1303987503 -0.133779332042 6.94048 2.64989 2.71131 -2.972867
vehicle 53.1198196411 -16.7543849945 -0.113042153418 1.91351 1.67159 0.401221 -2.956385
vehicle 46.0272750854 -31.287229538 -0.454995810986 3.58249 1.56078 1.77666 0.493382
pedestrian 27.9066734314 -48.4686813354 -0.25732961297 0.18767 0.409054 1.38371 -2.915908
pedestrian 29.9082183838 -48.3124389648 -0.264351308346 0.44788 0.450497 1.40437 -2.915908
pedestrian 30.6641139984 -47.7808113098 -0.272726386786 0.570775 0.406975 1.42116 -2.915908
pedestrian 37.7068710327 -40.9186553955 -0.105608567595 0.282614 0.187457 0.417626 -2.654782
vehicle 38.7558135986 -42.3668746948 -0.444758236408 2.08042 0.760364 1.08802 -2.719106
vehicle -8.32260322571 -20.5610389709 -0.372850507498 3.34339 1.69253 1.66489 -1.418006
vehicle -6.67072439194 -4.36800956726 -0.425538867712 6.66088 2.07047 2.16652 -1.320179
vehicle 0.988588213921 -17.6998977661 -0.317492604256 2.61266 1.70403 1.48474 -0.9619348
vehicle 3.65814161301 -16.6959896088 -0.453330755234 4.42173 1.88186 1.9577 -0.9309964
vehicle -3.35390758514 -12.381105423 -0.561474382877 3.91885 1.97854 1.41228 -1.014499
vehicle -0.071522898972 -10.7021722794 -0.774531245232 4.10982 1.80498 1.50494 -1.086968
vehicle -2.85764193535 -5.13756465912 -0.766276836395 4.077 1.83933 1.5748 -0.8534008
vehicle 2.93588876724 -27.8709564209 0.39529851079 0.920547 1.35182 0.233421 -0.9208572
pedestrian -41.6143455505 -1.60032916069 -0.648962438107 0.554485 0.584334 1.5847 1.023967
vehicle -26.2217407227 -53.6525993347 -0.338223397732 1.60713 1.15374 0.849662 1.813031
cyclist -26.8341293335 -46.1533966064 -0.148728907108 1.33103 0.544097 1.14581 -1.068229
pedestrian -32.0341567993 -45.3579330444 0.0374646149576 0.748136 0.365991 1.44877 2.539378
