vehicle -39.9856834412 28.6155052185 0.491294711828 2.92976 0.606535 1.58709 0.1178068
vehicle -24.3971862793 21.6037578583 -0.0593541227281 1.65513 0.333486 0.846272 0.08581729
vehicle -10.9179239273 -4.79980897903 -0.344394147396 3.14973 1.15765 1.80658 -1.978205
pedestrian -9.40605258942 -2.23601746559 0.134109169245 0.281832 0.456212 0.497892 1.622553
vehicle -4.54215097427 -5.88386917114 -0.535880625248 4.57309 1.79401 2.05191 -1.598887
pedestrian -3.88921642303 -1.80043518543 -0.339575052261 0.592389 0.443224 0.854541 1.805578
pedestrian -3.82926940918 -0.935969114304 -0.0369088500738 0.685845 0.478816 0.598389 1.805578
pedestrian -12.5235271454 22.6637268066 0.071553401649 0.655325 0.341764 0.848528 -0.02706342
vehicle -6.06896781921 22.3583145142 -0.676833152771 4.67109 1.69398 1.4578 3.042318
vehicle 0.659864902496 17.867401123 -0.630631685257 3.02503 1.66781 1.22764 3.109488
vehicle -6.24469709396 12.0645599365 -0.730948865414 3.45702 1.64396 1.44536 3.090055
vehicle 0.210793331265 11.8743515015 -0.789985477924 2.70514 1.23572 1.20111 -3.102246
vehicle -1.17837440968 9.11352443695 -0.922614097595 4.4293 1.89708 1.5185 -3.082652
vehicle -4.69974088669 27.2442131042 -0.506105959415 2.34255 1.43771 1.02987 3.136159
vehicle -4.07614421844 39.7187767029 -0.602248549461 2.21249 0.761197 0.992551 0.02603385
vehicle -3.13631653786 42.1723861694 -0.645443201065 0.89589 0.353761 1.03358 0.02603385
vehicle -0.293119549751 46.9554481506 -0.485792547464 4.14639 1.40215 1.22995 -3.08213
vehicle -0.820047080517 52.4147567749 0.0592584833503 3.28983 0.202035 0.676519 0.05946235
vehicle 9.90009307861 56.8279151917 -0.452651500702 2.73124 0.80294 1.07457 -0.02891615
vehicle 10.7116956711 51.9927253723 -0.398968428373 2.99599 1.07062 1.05329 -0.02891615
vehicle 11.7448778152 43.0156898499 -0.703137993813 4.56154 1.30676 1.11338 -0.02823626
vehicle 10.4055643082 46.3883895874 -0.810806512833 1.59008 0.787052 0.600622 -0.02823626
vehicle 11.0014715195 29.4131908417 -0.792503714561 4.28065 1.7225 1.52263 -3.043609
vehicle 10.9240608215 20.3982181549 -0.913447380066 4.63032 1.92023 1.63098 3.094576
vehicle 10.6299247742 12.3343658447 -1.10600984097 3.66844 1.76494 1.46691 3.100813
vehicle 10.6778259277 9.36772537231 -1.01257860661 4.37421 1.9409 1.76896 3.136567
vehicle 16.3973960876 9.31084918976 -1.23981750011 4.90006 1.99784 1.34324 3.136567
vehicle 16.4752731323 17.2480659485 -0.333488345146 3.31332 1.48406 0.735906 0.1315383
vehicle 27.8294258118 8.80198669434 -1.44544184208 3.46503 1.7064 1.18449 3.13728
vehicle 32.8640632629 12.126537323 -1.1097035408 3.958 1.85469 1.57644 3.13728
vehicle 27.7346382141 12.4104967117 -1.28771328926 4.05925 1.87109 1.46157 3.13728
vehicle 27.9788169861 17.2416763306 -1.25739324093 3.34764 1.6179 1.22682 0.008887109
vehicle 32.7009811401 20.5882377625 -0.920672893524 1.92823 1.20638 0.770325 0.008887568
vehicle 28.753818512 23.200170517 -0.654899179935 1.32521 1.18155 0.276926 0.008888485
vehicle 28.6797237396 26.4882907867 -0.726614832878 1.84795 0.467751 0.294625 0.1260844
vehicle 27.2510986328 36.8977088928 -1.04241681099 3.57749 1.96153 1.16726 -0.02339269
vehicle 27.0687561035 32.9876060486 -1.20150399208 0.443563 0.884431 0.538303 1.019464e-15
