vehicle -18.6413135529 -4.46008491516 -0.0453312844038 4.36656 1.92973 1.91897 -0.09070107
vehicle 8.32529830933 -3.15463161469 -0.52963155508 6.70725 2.60737 2.47561 0.09504191
vehicle 9.90677261353 0.576142132282 -1.01314902306 3.93666 1.8152 1.58954 0.4790334
vehicle 16.35679245 -1.88371801376 -1.07335090637 2.94928 1.6664 1.45168 0.2387312
vehicle 16.0748195648 1.98036301136 -1.05742967129 3.70761 1.41795 1.21067 0.2387312
vehicle 23.3382034302 1.12149369717 -0.646184742451 2.77348 1.58672 0.602793 0.3194374
vehicle 22.7827110291 3.95971179008 -1.07586395741 4.24638 1.68233 1.98338 0.3664868
vehicle -0.176308274269 -15.4386053085 -0.663609623909 3.99219 1.96153 1.56153 -0.3258066
vehicle -1.78110146523 9.50967025757 -0.953733980656 4.26103 2.33015 1.71603 2.986159
vehicle -24.6281719208 18.4801635742 -0.508609831333 3.81895 1.69243 1.36521 3.056505
vehicle 33.2644004822 0.0749113634229 -0.938300669193 4.09133 1.41676 1.01485 -2.72576
vehicle 6.28771591187 4.56894731522 -0.793827414513 4.20579 1.8865 2.05521 1.336333
cyclist -0.610576033592 30.2273464203 -1.39114260674 1.59501 0.43747 1.35427 0.01193453
vehicle -11.8015060425 -22.705997467 0.549345195293 21.9257 3.36922 2.42725 -0.0953339
vehicle -22.4065933228 -26.5497150421 0.588285923004 10.4626 1.96854 2.60867 -0.1027675
vehicle -32.5661773682 -25.539182663 1.31624138355 6.98096 2.00691 2.13995 -0.1477626
vehicle 20.3420143127 33.6134719849 -2.00173330307 2.19659 1.84522 0.978416 -2.161554
vehicle 28.0220775604 40.5666542053 -2.27635359764 4.00829 1.53593 1.29956 -1.571195
vehicle 34.4299697876 43.5050926208 -2.11681103706 4.35212 1.56977 1.73387 -1.571195
vehicle 22.032951355 -43.8041305542 -0.634308695793 4.07762 1.72028 1.50771 -1.657252
vehicle 21.3594455719 -50.6839981079 -0.609694063663 3.8262 1.63353 1.42572 -1.657252
vehicle 21.2449226379 -56.8692131042 -0.315580397844 3.01984 1.65586 1.5342 -1.657252
pedestrian 41.2675437927 -37.9572677612 -0.946407675743 0.857454 0.273581 1.3831 -2.445944
vehicle 43.075668335 -39.4805488586 -1.01977169514 1.4808 1.15849 0.728941 -1.366771
