vehicle -13.9404087067 -4.8425693512 -0.410870373249 5.07724 1.93676 1.63787 -0.03993225
vehicle -17.3775272369 -9.62181186676 -0.14460285008 4.66641 1.81399 1.84876 -0.02557594
vehicle -40.532043457 -8.50414657593 0.439749509096 3.96409 1.69939 1.38519 -0.07662505
vehicle 12.1758584976 -10.3779354095 -0.693512678146 3.85786 1.55193 1.97605 -0.01425821
cyclist 32.170375824 -15.1870212555 -1.02745401859 0.970587 0.876923 1.473 -2.463315
vehicle 33.3228416443 -10.3670988083 -1.0402251482 3.82579 1.77275 1.57042 0.0306282
vehicle 28.3246879578 -3.30414605141 -1.04861688614 4.09973 1.80805 1.55639 0.06350484
vehicle 43.6074562073 -2.17518210411 -1.12158977985 3.73513 1.62615 1.42631 0.03188444
vehicle 43.621761322 -7.55208063126 -1.11392498016 1.7424 1.68516 1.39265 0.02598774
vehicle 51.767124176 -10.0081691742 -1.32256352901 3.63662 1.27905 1.12247 0.06306435
vehicle 50.2712593079 -1.17048859596 -1.0866549015 3.81914 1.69528 1.19969 -0.0120177
vehicle 58.2618103027 -4.57492017746 -0.427332907915 6.45013 2.08056 2.43189 0.003486229
vehicle 29.9764709473 12.9640388489 -1.31186378002 3.98916 1.70871 1.38236 -3.128362
vehicle 53.3904914856 17.1155796051 -1.42672944069 3.49866 1.59885 1.12821 -3.140396
vehicle 2.41874480247 11.869977951 -0.800324201584 3.96599 1.71596 1.88299 -3.105951
pedestrian 14.2118997574 38.7456741333 -1.50063824654 0.582041 0.629626 1.27746 -0.07837241
pedestrian 21.5438423157 38.6661224365 -1.50104725361 0.65047 0.375417 1.10294 1.472076
pedestrian 20.9112014771 39.3739013672 -1.52033889294 0.25106 0.43255 1.13385 0.4652562
vehicle -1.34896886349 42.0059585571 -1.4284979105 2.3556 1.12785 1.06037 1.363935
pedestrian -2.52453804016 42.8606491089 -1.58400535583 0.534185 0.577926 0.85133 1.340452
vehicle -6.53871393204 31.4495792389 -0.859009444714 4.20106 1.30867 0.911301 3.025044
pedestrian -15.6709165573 40.177898407 -0.681848466396 0.319322 0.411262 1.06353 -0.6600387
cyclist -17.3597488403 41.5581626892 -1.1224271059 1.73257 0.584977 0.848418 0.3011309
vehicle -16.2619552612 22.801076889 0.118817418814 11.8581 2.86445 3.1439 -3.116998
vehicle -9.84953022003 13.6615228653 -0.754358112812 4.54345 1.68426 1.49179 -3.023026
vehicle -17.9424057007 15.5907030106 -0.325848609209 4.73281 2.09878 1.90902 -3.137357
vehicle -31.3742542267 18.6526947021 -0.145582392812 3.68196 1.63957 1.4577 -3.130156
vehicle -50.6520004272 11.6287918091 0.98793721199 2.22522 1.33603 0.697668 -3.137928
vehicle -56.2567100525 15.0509881973 0.767104148865 1.86051 1.68464 0.822677 3.137013
pedestrian 32.4706459045 40.7140617371 -1.91577470303 0.386198 0.728777 1.0203 0.01058918
dontCare 45.0307540894 39.033946991 -2.26538419724 0.273706 0.667042 0.39621 0.1329623
pedestrian 21.773853302 40.0109138489 -1.6634118557 0.281886 0.21865 0.901626 1.356111
cyclist -11.813293457 42.7822761536 -0.884000718594 1.64501 0.687633 0.821159 -0.08789968
