vehicle -41.5989990234 -21.7206058502 0.764205515385 4.16404 1.53481 0.916585 3.919066e-16
pedestrian -32.0624351501 -24.7161369324 0.679767489433 0.59546 0.65089 1.24691 0.0
cyclist 19.9889717102 -18.9922485352 -0.914170145988 1.21231 0.654258 1.48622 1.799101
cyclist 21.8211345673 -32.0841445923 -0.831369578838 1.29766 0.811539 1.47272 1.799101
cyclist 26.8304252625 -34.7984848022 -0.830962002277 1.58334 0.574479 1.3879 1.553049
vehicle 18.8744564056 -50.6528587341 -0.307103902102 0.706353 1.30492 0.805643 -1.731
vehicle 36.9004936218 -22.5493526459 -0.94543838501 4.09602 1.59746 1.6639 1.550075
vehicle 40.7017059326 -32.0997161865 -1.02291512489 2.8216 1.73902 1.65104 1.550075
vehicle -23.2303714752 -1.09084117413 0.688616454601 3.22568 1.84807 1.47459 0.05064644
pedestrian 14.2343883514 -6.81142520905 -0.943965554237 0.521351 0.596237 1.57459 -3.743672e-16
pedestrian 15.3034439087 -6.34555912018 -0.812720239162 0.959422 0.712579 1.86005 0.0
vehicle 31.5720462799 10.2080392838 -0.20247913897 10.7936 2.72414 3.71921 0.6692607
cyclist 39.8853988647 8.20183563232 -1.18765389919 1.01894 0.370318 1.29494 0.4601269
cyclist 31.4695415497 29.4589538574 -1.654053092 1.29564 0.474197 1.54652 -1.687713
cyclist -5.03248786926 21.5083427429 -1.07228660583 1.25049 0.741758 1.47465 -3.141592
vehicle -47.1694374084 -21.7352256775 0.68375480175 3.83301 1.32404 0.744137 0.04625827
vehicle -23.0752067566 -21.1652374268 -0.0206737555563 4.44189 1.73697 1.55173 0.0386632
vehicle 5.03409719467 -20.4320278168 -0.794155299664 4.49482 1.5934 1.43727 0.01916172
vehicle 11.1482944489 -20.4857177734 -0.81231456995 4.14884 1.88287 1.40896 3.059918
vehicle 29.4841995239 -41.7015190125 -0.569349169731 4.26817 1.79522 1.38254 1.478767
vehicle 29.8086528778 -33.4832000732 -0.957187831402 3.86716 1.06434 1.06927 1.446274
vehicle 31.3281517029 -26.6293525696 -1.02785515785 3.96305 1.4645 1.3188 1.520792
vehicle 33.9565696716 -23.2818107605 -1.11311852932 3.8952 1.23719 1.48477 1.544367
vehicle 50.4940071106 -20.420715332 -1.2410326004 3.82982 1.45121 1.36894 0.2679661
pedestrian 13.3023548126 -3.30738830566 -0.910175800323 0.374261 0.562926 1.61861 0.0008992549
cyclist 13.7615003586 -3.27179002762 -1.12327289581 1.59068 0.529908 1.21545 1.565678
vehicle 14.2864704132 1.28923690319 -0.768300950527 4.05959 1.7532 1.9903 0.482287
vehicle -8.88635921478 -0.272320181131 -0.420790612698 4.52866 1.99527 2.01488 0.05319065
vehicle 42.3460464478 21.5001773834 -1.60930395126 4.20072 1.68329 1.30573 0.9913675
vehicle 4.76497745514 21.6496505737 -1.29114687443 4.37271 1.72291 1.44458 -3.08873
vehicle 7.77199554443 25.4408740997 -1.31687569618 2.12728 1.18361 1.49716 -3.12188
vehicle -9.76343631744 25.0069637299 -1.05643308163 4.49346 1.64349 1.54553 -3.079534
vehicle -26.9860630035 24.3028259277 -0.426250010729 3.97641 1.76825 1.58339 -3.086598
vehicle -33.240524292 24.0908279419 -0.168177947402 4.05574 1.47575 1.58348 -3.112117
vehicle -40.4256057739 23.5117225647 0.281802922487 3.41178 1.7779 1.88234 -3.119676
vehicle -56.6083602905 23.217042923 0.581868112087 3.90292 1.04644 1.21133 -3.045317
vehicle 26.7035617828 29.623796463 -1.61363399029 3.98907 1.64945 1.63345 3.128568
vehicle 27.7246761322 35.7423095703 -1.67600345612 3.86878 1.75195 1.5028 3.131458
vehicle -44.118473053 22.8804550171 -0.0965525358915 0.564425 0.270647 1.00523 -3.141592
dontCare 56.5027732849 -19.1846179962 -1.3245716095 2.14813 0.410638 0.831481 -2.308003
